Iter | Sampling Pol | Evaluation Pol | Best (Sampled) 
   0 -0.14  0.00 -100000000.00 
   1 -0.17  0.00 -0.14 
   2 -0.01  0.00 -0.14 
   3 -0.45  0.00 -0.01 
   4 -0.05  0.00 -0.01 
   5 -0.26  0.00 -0.01 
   6 -0.20  0.00 -0.01 
   7 -0.05  0.00 -0.01 
   8  0.03  0.00 -0.01 
   9  0.00  0.00  0.03 
  10 -0.01  0.00  0.03 
  11 -0.04  0.00  0.03 
  12 -0.46  0.00  0.03 
  13 -0.04  0.00  0.03 
  14 -0.13  0.00  0.03 
  15 -0.08  0.00  0.03 
  16 -0.55  0.00  0.03 
  17 -0.03  0.00  0.03 
  18 -0.06  0.00  0.03 
  19 -0.57  0.00  0.03 
  20 -0.12  0.00  0.03 
  21 -0.11  0.00  0.03 
  22 -0.22  0.00  0.03 
  23 -0.02  0.00  0.03 
  24 -0.06  0.00  0.03 
  25 -0.11  0.00  0.03 
  26 -0.04  0.00  0.03 
