Iter | Sampling Pol | Evaluation Pol | Best (Sampled) 
   0 -0.11  0.00 -100000000.00 
   1 -0.11  0.00 -0.11 
   2 -0.20  0.00 -0.11 
   3 -0.13  0.00 -0.11 
   4 -0.12  0.00 -0.11 
   5 -0.06  0.00 -0.11 
   6 -0.15  0.00 -0.06 
   7 -0.14  0.00 -0.06 
   8 -0.15  0.00 -0.06 
   9 -0.07  0.00 -0.06 
  10 -0.08  0.00 -0.06 
  11 -0.12  0.00 -0.06 
  12 -0.10  0.00 -0.06 
  13 -0.10  0.00 -0.06 
  14 -0.16  0.00 -0.06 
  15 -0.02  0.00 -0.06 
  16 -0.04  0.00 -0.02 
  17 -0.05  0.00 -0.02 
  18 -0.01  0.00 -0.02 
  19  0.04  0.00 -0.01 
  20  0.00  0.00  0.04 
  21  0.02  0.00  0.04 
  22 -0.06  0.00  0.04 
  23  0.02  0.00  0.04 
  24 -0.00  0.00  0.04 
  25  0.09  0.00  0.04 
  26  0.04  0.00  0.09 
  27  0.03  0.00  0.09 
  28  0.05  0.00  0.09 
  29  0.04  0.00  0.09 
  30  0.02  0.00  0.09 
  31  0.14  0.00  0.09 
  32  0.01  0.00  0.14 
  33 -0.01  0.00  0.14 
  34  0.03  0.00  0.14 
  35  0.11  0.00  0.14 
  36  0.07  0.00  0.14 
  37  0.06  0.00  0.14 
  38  0.14  0.00  0.14 
  39  0.13  0.00  0.14 
  40  0.16  0.00  0.14 
  41  0.24  0.00  0.16 
  42  0.07  0.00  0.24 
  43  0.09  0.00  0.24 
  44  0.17  0.00  0.24 
  45 -0.00  0.00  0.24 
  46  0.05  0.00  0.24 
  47  0.09  0.00  0.24 
  48 -0.02  0.00  0.24 
  49  0.06  0.00  0.24 
  50  0.05  0.00  0.24 
  51  0.08  0.00  0.24 
  52  0.11  0.00  0.24 
  53  0.19  0.00  0.24 
  54  0.11  0.00  0.24 
  55  0.11  0.00  0.24 
  56  0.12  0.00  0.24 
  57  0.12  0.00  0.24 
  58  0.06  0.00  0.24 
  59  0.08  0.00  0.24 
  60  0.09  0.00  0.24 
  61  0.13  0.00  0.24 
  62  0.19  0.00  0.24 
  63  0.23  0.00  0.24 
  64  0.19  0.00  0.24 
  65  0.20  0.00  0.24 
  66  0.34  0.00  0.24 
  67  0.27  0.00  0.34 
  68  0.23  0.00  0.34 
  69  0.24  0.00  0.34 
  70  0.37  0.00  0.34 
  71  0.29  0.00  0.37 
  72  0.29  0.00  0.37 
  73  0.22  0.00  0.37 
  74  0.39  0.00  0.37 
  75  0.26  0.00  0.39 
  76  0.36  0.00  0.39 
  77  0.57  0.00  0.39 
  78  0.27  0.00  0.57 
  79  0.43  0.00  0.57 
  80  0.40  0.00  0.57 
  81  0.26  0.00  0.57 
  82  0.44  0.00  0.57 
  83  0.53  0.00  0.57 
  84  0.38  0.00  0.57 
  85  0.75  0.00  0.57 
  86  0.79  0.00  0.75 
  87  0.67  0.00  0.79 
  88  0.84  0.00  0.79 
  89  0.51  0.00  0.84 
  90  1.15  0.00  0.84 
  91  1.26  0.00  1.15 
  92  0.79  0.00  1.26 
  93  0.81  0.00  1.26 
  94  0.78  0.00  1.26 
  95  1.03  0.00  1.26 
  96  0.61  0.00  1.26 
  97  0.92  0.00  1.26 
  98  1.06  0.00  1.26 
  99  0.80  0.00  1.26 
 100  1.09  0.00  1.26 
 101  0.80  0.00  1.26 
 102  1.02  0.00  1.26 
 103  0.90  0.00  1.26 
 104  1.64  0.00  1.26 
 105  1.24  0.00  1.64 
 106  0.85  0.00  1.64 
 107  1.27  0.00  1.64 
 108  1.08  0.00  1.64 
 109  0.87  0.00  1.64 
 110  1.37  0.00  1.64 
 111  1.39  0.00  1.64 
 112  1.10  0.00  1.64 
 113  1.83  0.00  1.64 
 114  1.39  0.00  1.83 
 115  1.58  0.00  1.83 
 116  1.39  0.00  1.83 
 117  1.37  0.00  1.83 
 118  1.61  0.00  1.83 
 119  1.80  0.00  1.83 
 120  1.46  0.00  1.83 
 121  1.77  0.00  1.83 
 122  1.45  0.00  1.83 
 123  1.93  0.00  1.83 
 124  1.65  0.00  1.93 
 125  1.24  0.00  1.93 
 126  1.77  0.00  1.93 
 127  1.69  0.00  1.93 
 128  1.74  0.00  1.93 
 129  1.33  0.00  1.93 
 130  1.70  0.00  1.93 
 131  1.74  0.00  1.93 
 132  1.48  0.00  1.93 
 133  1.29  0.00  1.93 
 134  1.77  0.00  1.93 
 135  1.55  0.00  1.93 
 136  2.23  0.00  1.93 
 137  1.79  0.00  2.23 
 138  1.67  0.00  2.23 
 139  1.36  0.00  2.23 
 140  1.22  0.00  2.23 
 141  1.57  0.00  2.23 
 142  1.96  0.00  2.23 
 143  1.93  0.00  2.23 
 144  2.21  0.00  2.23 
 145  1.69  0.00  2.23 
 146  1.29  0.00  2.23 
 147  1.71  0.00  2.23 
 148  1.79  0.00  2.23 
 149  1.91  0.00  2.23 
 150  2.54  0.00  2.23 
 151  1.48  0.00  2.54 
 152  1.85  0.00  2.54 
 153  2.22  0.00  2.54 
 154  2.37  0.00  2.54 
 155  1.99  0.00  2.54 
 156  2.09  0.00  2.54 
 157  2.31  0.00  2.54 
 158  2.77  0.00  2.54 
 159  2.66  0.00  2.77 
 160  2.05  0.00  2.77 
 161  2.80  0.00  2.77 
 162  2.10  0.00  2.80 
 163  2.78  0.00  2.80 
 164  2.69  0.00  2.80 
 165  2.79  0.00  2.80 
 166  2.36  0.00  2.80 
 167  2.70  0.00  2.80 
 168  3.07  0.00  2.80 
 169  3.24  0.00  3.07 
 170  1.71  0.00  3.24 
 171  2.34  0.00  3.24 
 172  2.74  0.00  3.24 
 173  2.48  0.00  3.24 
 174  2.88  0.00  3.24 
 175  2.37  0.00  3.24 
 176  2.68  0.00  3.24 
 177  2.79  0.00  3.24 
 178  3.19  0.00  3.24 
 179  2.53  0.00  3.24 
 180  2.26  0.00  3.24 
 181  2.72  0.00  3.24 
 182  2.73  0.00  3.24 
 183  2.45  0.00  3.24 
 184  3.11  0.00  3.24 
 185  2.40  0.00  3.24 
 186  3.08  0.00  3.24 
 187  2.46  0.00  3.24 
 188  1.67  0.00  3.24 
 189  2.98  0.00  3.24 
 190  3.02  0.00  3.24 
 191  2.73  0.00  3.24 
 192  3.00  0.00  3.24 
 193  2.88  0.00  3.24 
 194  3.32  0.00  3.24 
 195  3.22  0.00  3.32 
 196  2.98  0.00  3.32 
 197  3.06  0.00  3.32 
 198  2.82  0.00  3.32 
 199  3.25  0.00  3.32 
 200  3.17  0.00  3.32 
 201  3.24  0.00  3.32 
 202  3.15  0.00  3.32 
 203  3.44  0.00  3.32 
 204  3.48  0.00  3.44 
 205  3.18  0.00  3.48 
 206  3.58  0.00  3.48 
 207  2.93  0.00  3.58 
 208  3.45  0.00  3.58 
 209  3.74  0.00  3.58 
 210  3.43  0.00  3.74 
 211  3.00  0.00  3.74 
 212  2.82  0.00  3.74 
 213  3.55  0.00  3.74 
 214  3.25  0.00  3.74 
 215  3.02  0.00  3.74 
 216  3.79  0.00  3.74 
 217  3.24  0.00  3.79 
 218  3.61  0.00  3.79 
 219  3.51  0.00  3.79 
 220  3.14  0.00  3.79 
 221  3.40  0.00  3.79 
 222  3.86  0.00  3.79 
 223  3.22  0.00  3.86 
 224  3.48  0.00  3.86 
 225  3.07  0.00  3.86 
 226  3.40  0.00  3.86 
 227  3.51  0.00  3.86 
 228  3.26  0.00  3.86 
 229  3.36  0.00  3.86 
 230  3.94  0.00  3.86 
 231  3.61  0.00  3.94 
 232  3.25  0.00  3.94 
 233  3.54  0.00  3.94 
 234  3.83  0.00  3.94 
 235  2.86  0.00  3.94 
 236  3.19  0.00  3.94 
 237  3.97  0.00  3.94 
 238  3.90  0.00  3.97 
 239  3.24  0.00  3.97 
 240  3.75  0.00  3.97 
 241  3.02  0.00  3.97 
 242  3.42  0.00  3.97 
 243  3.83  0.00  3.97 
 244  2.78  0.00  3.97 
 245  3.11  0.00  3.97 
 246  3.76  0.00  3.97 
 247  3.31  0.00  3.97 
 248  3.44  0.00  3.97 
 249  3.66  0.00  3.97 
 250  3.35  0.00  3.97 
 251  3.99  0.00  3.97 
 252  3.34  0.00  3.99 
 253  3.64  0.00  3.99 
 254  3.07  0.00  3.99 
 255  3.39  0.00  3.99 
 256  3.46  0.00  3.99 
 257  3.83  0.00  3.99 
 258  3.50  0.00  3.99 
 259  3.73  0.00  3.99 
 260  3.63  0.00  3.99 
 261  3.67  0.00  3.99 
 262  3.21  0.00  3.99 
 263  3.65  0.00  3.99 
 264  3.03  0.00  3.99 
 265  3.63  0.00  3.99 
 266  2.93  0.00  3.99 
 267  3.21  0.00  3.99 
 268  3.05  0.00  3.99 
 269  3.62  0.00  3.99 
 270  3.13  0.00  3.99 
 271  3.26  0.00  3.99 
 272  4.05  0.00  3.99 
 273  3.29  0.00  4.05 
 274  2.77  0.00  4.05 
 275  3.54  0.00  4.05 
 276  3.88  0.00  4.05 
 277  3.50  0.00  4.05 
 278  3.25  0.00  4.05 
 279  3.49  0.00  4.05 
 280  3.29  0.00  4.05 
 281  3.12  0.00  4.05 
 282  4.09  0.00  4.05 
 283  2.48  0.00  4.09 
 284  2.86  0.00  4.09 
 285  3.91  0.00  4.09 
 286  3.37  0.00  4.09 
 287  4.02  0.00  4.09 
 288  3.43  0.00  4.09 
 289  3.71  0.00  4.09 
 290  3.55  0.00  4.09 
 291  2.79  0.00  4.09 
 292  3.81  0.00  4.09 
 293  3.15  0.00  4.09 
 294  3.60  0.00  4.09 
 295  3.48  0.00  4.09 
 296  3.35  0.00  4.09 
 297  3.66  0.00  4.09 
 298  2.56  0.00  4.09 
 299  3.41  0.00  4.09 
 300  3.24  0.00  4.09 
 301  3.15  0.00  4.09 
 302  3.28  0.00  4.09 
 303  3.87  0.00  4.09 
 304  3.47  0.00  4.09 
 305  3.53  0.00  4.09 
 306  3.52  0.00  4.09 
 307  3.51  0.00  4.09 
 308  4.09  0.00  4.09 
 309  3.52  0.00  4.09 
 310  3.07  0.00  4.09 
 311  3.63  0.00  4.09 
 312  3.24  0.00  4.09 
 313  3.45  0.00  4.09 
 314  3.28  0.00  4.09 
 315  3.27  0.00  4.09 
 316  2.49  0.00  4.09 
 317  3.02  0.00  4.09 
 318  3.92  0.00  4.09 
 319  3.80  0.00  4.09 
 320  3.86  0.00  4.09 
 321  2.32  0.00  4.09 
 322  3.96  0.00  4.09 
 323  3.16  0.00  4.09 
 324  3.20  0.00  4.09 
 325  3.05  0.00  4.09 
 326  3.24  0.00  4.09 
 327  3.61  0.00  4.09 
 328  3.75  0.00  4.09 
 329  3.53  0.00  4.09 
 330  4.58  0.00  4.09 
 331  3.81  0.00  4.58 
 332  3.41  0.00  4.58 
 333  3.79  0.00  4.58 
 334  4.30  0.00  4.58 
 335  3.62  0.00  4.58 
 336  3.67  0.00  4.58 
 337  3.55  0.00  4.58 
 338  4.21  0.00  4.58 
 339  4.23  0.00  4.58 
 340  4.14  0.00  4.58 
 341  3.77  0.00  4.58 
 342  3.80  0.00  4.58 
 343  3.65  0.00  4.58 
 344  3.55  0.00  4.58 
 345  4.18  0.00  4.58 
 346  3.19  0.00  4.58 
 347  3.93  0.00  4.58 
 348  4.03  0.00  4.58 
 349  4.23  0.00  4.58 
 350  3.02  0.00  4.58 
 351  3.69  0.00  4.58 
 352  4.30  0.00  4.58 
 353  3.89  0.00  4.58 
 354  2.81  0.00  4.58 
 355  3.75  0.00  4.58 
 356  4.06  0.00  4.58 
 357  3.74  0.00  4.58 
 358  4.36  0.00  4.58 
 359  3.62  0.00  4.58 
 360  3.70  0.00  4.58 
 361  4.39  0.00  4.58 
 362  4.29  0.00  4.58 
 363  3.88  0.00  4.58 
 364  3.87  0.00  4.58 
 365  4.19  0.00  4.58 
 366  3.80  0.00  4.58 
 367  4.20  0.00  4.58 
 368  3.89  0.00  4.58 
 369  3.90  0.00  4.58 
 370  4.52  0.00  4.58 
 371  4.21  0.00  4.58 
 372  3.59  0.00  4.58 
 373  4.56  0.00  4.58 
 374  4.06  0.00  4.58 
 375  4.40  0.00  4.58 
 376  4.55  0.00  4.58 
 377  4.63  0.00  4.58 
 378  4.32  0.00  4.63 
 379  4.30  0.00  4.63 
 380  4.08  0.00  4.63 
 381  4.80  0.00  4.63 
 382  3.81  0.00  4.80 
 383  4.07  0.00  4.80 
 384  4.43  0.00  4.80 
 385  4.31  0.00  4.80 
 386  4.13  0.00  4.80 
 387  4.52  0.00  4.80 
 388  4.45  0.00  4.80 
 389  3.99  0.00  4.80 
 390  4.40  0.00  4.80 
 391  3.12  0.00  4.80 
 392  3.59  0.00  4.80 
 393  4.37  0.00  4.80 
 394  4.55  0.00  4.80 
 395  4.42  0.00  4.80 
 396  4.28  0.00  4.80 
 397  3.97  0.00  4.80 
 398  4.26  0.00  4.80 
 399  4.00  0.00  4.80 
 400  4.12  0.00  4.80 
 401  4.23  0.00  4.80 
 402  5.00  0.00  4.80 
 403  4.28  0.00  5.00 
 404  4.58  0.00  5.00 
 405  4.40  0.00  5.00 
 406  4.50  0.00  5.00 
 407  4.36  0.00  5.00 
 408  4.20  0.00  5.00 
 409  3.64  0.00  5.00 
 410  4.42  0.00  5.00 
 411  4.30  0.00  5.00 
 412  4.69  0.00  5.00 
 413  4.25  0.00  5.00 
 414  4.04  0.00  5.00 
 415  3.93  0.00  5.00 
 416  4.47  0.00  5.00 
 417  4.11  0.00  5.00 
 418  4.13  0.00  5.00 
 419  4.05  0.00  5.00 
 420  4.35  0.00  5.00 
 421  3.88  0.00  5.00 
 422  4.13  0.00  5.00 
 423  4.17  0.00  5.00 
 424  3.94  0.00  5.00 
 425  3.87  0.00  5.00 
 426  3.22  0.00  5.00 
 427  4.45  0.00  5.00 
 428  4.61  0.00  5.00 
 429  3.54  0.00  5.00 
 430  3.99  0.00  5.00 
 431  4.62  0.00  5.00 
 432  3.73  0.00  5.00 
 433  4.39  0.00  5.00 
 434  4.35  0.00  5.00 
 435  3.40  0.00  5.00 
 436  4.21  0.00  5.00 
 437  3.87  0.00  5.00 
 438  3.82  0.00  5.00 
 439  4.10  0.00  5.00 
 440  4.20  0.00  5.00 
 441  4.89  0.00  5.00 
 442  3.32  0.00  5.00 
 443  3.97  0.00  5.00 
 444  4.32  0.00  5.00 
 445  3.84  0.00  5.00 
 446  4.59  0.00  5.00 
 447  3.72  0.00  5.00 
 448  3.77  0.00  5.00 
 449  4.10  0.00  5.00 
 450  3.87  0.00  5.00 
 451  3.79  0.00  5.00 
 452  3.93  0.00  5.00 
 453  4.00  0.00  5.00 
 454  4.53  0.00  5.00 
 455  3.85  0.00  5.00 
 456  4.98  0.00  5.00 
 457  4.93  0.00  5.00 
 458  3.92  0.00  5.00 
 459  4.10  0.00  5.00 
 460  3.48  0.00  5.00 
 461  3.99  0.00  5.00 
 462  4.04  0.00  5.00 
 463  3.82  0.00  5.00 
 464  4.37  0.00  5.00 
 465  4.01  0.00  5.00 
 466  4.32  0.00  5.00 
 467  3.86  0.00  5.00 
 468  3.81  0.00  5.00 
 469  4.17  0.00  5.00 
 470  4.27  0.00  5.00 
 471  3.81  0.00  5.00 
 472  3.85  0.00  5.00 
 473  3.13  0.00  5.00 
 474  4.40  0.00  5.00 
 475  3.96  0.00  5.00 
 476  4.00  0.00  5.00 
 477  4.15  0.00  5.00 
 478  3.45  0.00  5.00 
 479  4.22  0.00  5.00 
 480  4.16  0.00  5.00 
 481  3.58  0.00  5.00 
 482  4.40  0.00  5.00 
 483  3.97  0.00  5.00 
 484  4.14  0.00  5.00 
 485  3.79  0.00  5.00 
 486  3.29  0.00  5.00 
 487  4.02  0.00  5.00 
 488  3.99  0.00  5.00 
 489  2.89  0.00  5.00 
 490  3.55  0.00  5.00 
 491  4.48  0.00  5.00 
 492  4.63  0.00  5.00 
 493  4.13  0.00  5.00 
 494  3.76  0.00  5.00 
 495  4.16  0.00  5.00 
 496  3.68  0.00  5.00 
 497  4.11  0.00  5.00 
 498  3.45  0.00  5.00 
 499  3.46  0.00  5.00 
 500  3.26  0.00  5.00 
 501  3.56  0.00  5.00 
 502  3.36  0.00  5.00 
 503  3.66  0.00  5.00 
 504  3.53  0.00  5.00 
 505  4.30  0.00  5.00 
 506  3.84  0.00  5.00 
 507  4.26  0.00  5.00 
 508  4.58  0.00  5.00 
 509  3.62  0.00  5.00 
 510  4.02  0.00  5.00 
 511  4.24  0.00  5.00 
 512  3.80  0.00  5.00 
 513  3.46  0.00  5.00 
 514  4.34  0.00  5.00 
 515  4.51  0.00  5.00 
 516  3.56  0.00  5.00 
 517  2.36  0.00  5.00 
 518  3.36  0.00  5.00 
 519  4.00  0.00  5.00 
 520  3.67  0.00  5.00 
 521  3.92  0.00  5.00 
 522  3.53  0.00  5.00 
 523  4.20  0.00  5.00 
 524  4.02  0.00  5.00 
 525  4.68  0.00  5.00 
 526  4.05  0.00  5.00 
 527  4.52  0.00  5.00 
 528  3.40  0.00  5.00 
 529  3.66  0.00  5.00 
 530  4.25  0.00  5.00 
 531  3.57  0.00  5.00 
 532  4.04  0.00  5.00 
 533  3.92  0.00  5.00 
 534  4.47  0.00  5.00 
 535  4.45  0.00  5.00 
 536  3.87  0.00  5.00 
 537  3.32  0.00  5.00 
 538  3.84  0.00  5.00 
 539  3.99  0.00  5.00 
 540  3.61  0.00  5.00 
 541  3.57  0.00  5.00 
 542  3.79  0.00  5.00 
 543  3.25  0.00  5.00 
 544  3.44  0.00  5.00 
 545  3.88  0.00  5.00 
 546  4.46  0.00  5.00 
 547  3.83  0.00  5.00 
 548  4.31  0.00  5.00 
 549  2.65  0.00  5.00 
 550  4.18  0.00  5.00 
 551  4.04  0.00  5.00 
 552  3.72  0.00  5.00 
 553  4.27  0.00  5.00 
 554  4.20  0.00  5.00 
 555  3.15  0.00  5.00 
 556  3.85  0.00  5.00 
 557  3.71  0.00  5.00 
 558  2.99  0.00  5.00 
 559  3.92  0.00  5.00 
 560  3.39  0.00  5.00 
 561  4.65  0.00  5.00 
 562  2.78  0.00  5.00 
 563  3.83  0.00  5.00 
 564  4.21  0.00  5.00 
 565  3.71  0.00  5.00 
 566  4.28  0.00  5.00 
 567  3.72  0.00  5.00 
 568  4.33  0.00  5.00 
 569  2.41  0.00  5.00 
 570  3.96  0.00  5.00 
 571  2.79  0.00  5.00 
 572  4.22  0.00  5.00 
 573  3.23  0.00  5.00 
 574  4.20  0.00  5.00 
 575  4.55  0.00  5.00 
 576  4.14  0.00  5.00 
 577  3.93  0.00  5.00 
 578  3.69  0.00  5.00 
 579  3.20  0.00  5.00 
 580  4.34  0.00  5.00 
 581  4.61  0.00  5.00 
 582  4.39  0.00  5.00 
 583  3.66  0.00  5.00 
 584  3.43  0.00  5.00 
 585  4.80  0.00  5.00 
 586  4.62  0.00  5.00 
 587  4.10  0.00  5.00 
 588  4.50  0.00  5.00 
 589  3.24  0.00  5.00 
 590  5.03  0.00  5.00 
 591  4.28  0.00  5.03 
 592  4.54  0.00  5.03 
 593  4.37  0.00  5.03 
 594  4.35  0.00  5.03 
 595  3.62  0.00  5.03 
 596  4.45  0.00  5.03 
 597  4.60  0.00  5.03 
 598  4.56  0.00  5.03 
 599  4.35  0.00  5.03 
 600  3.67  0.00  5.03 
 601  4.03  0.00  5.03 
 602  3.69  0.00  5.03 
 603  4.52  0.00  5.03 
 604  4.04  0.00  5.03 
 605  5.01  0.00  5.03 
 606  4.27  0.00  5.03 
 607  4.15  0.00  5.03 
 608  4.62  0.00  5.03 
 609  3.87  0.00  5.03 
 610  4.69  0.00  5.03 
 611  3.82  0.00  5.03 
 612  4.49  0.00  5.03 
 613  4.41  0.00  5.03 
 614  4.34  0.00  5.03 
 615  4.11  0.00  5.03 
 616  4.19  0.00  5.03 
 617  4.63  0.00  5.03 
 618  3.65  0.00  5.03 
 619  3.57  0.00  5.03 
 620  4.58  0.00  5.03 
 621  4.68  0.00  5.03 
 622  4.40  0.00  5.03 
 623  4.51  0.00  5.03 
 624  3.99  0.00  5.03 
 625  4.56  0.00  5.03 
 626  3.40  0.00  5.03 
 627  3.79  0.00  5.03 
 628  4.29  0.00  5.03 
 629  3.82  0.00  5.03 
 630  4.44  0.00  5.03 
 631  4.72  0.00  5.03 
 632  4.39  0.00  5.03 
 633  3.56  0.00  5.03 
 634  3.98  0.00  5.03 
 635  4.17  0.00  5.03 
 636  4.48  0.00  5.03 
 637  5.19  0.00  5.03 
 638  4.23  0.00  5.19 
 639  4.47  0.00  5.19 
 640  3.92  0.00  5.19 
 641  5.12  0.00  5.19 
 642  4.47  0.00  5.19 
 643  3.97  0.00  5.19 
 644  3.97  0.00  5.19 
 645  4.10  0.00  5.19 
 646  3.90  0.00  5.19 
 647  4.95  0.00  5.19 
 648  3.60  0.00  5.19 
 649  4.34  0.00  5.19 
 650  3.00  0.00  5.19 
 651  3.96  0.00  5.19 
 652  4.01  0.00  5.19 
 653  4.42  0.00  5.19 
 654  5.31  0.00  5.19 
 655  4.67  0.00  5.31 
 656  4.20  0.00  5.31 
 657  3.76  0.00  5.31 
 658  4.58  0.00  5.31 
 659  4.54  0.00  5.31 
 660  4.47  0.00  5.31 
 661  4.64  0.00  5.31 
 662  4.28  0.00  5.31 
 663  3.65  0.00  5.31 
 664  4.28  0.00  5.31 
 665  4.22  0.00  5.31 
 666  4.70  0.00  5.31 
 667  4.19  0.00  5.31 
 668  4.41  0.00  5.31 
 669  4.17  0.00  5.31 
 670  5.11  0.00  5.31 
 671  4.11  0.00  5.31 
 672  5.18  0.00  5.31 
 673  4.54  0.00  5.31 
 674  4.91  0.00  5.31 
 675  4.62  0.00  5.31 
 676  3.60  0.00  5.31 
 677  4.91  0.00  5.31 
 678  4.75  0.00  5.31 
 679  4.41  0.00  5.31 
 680  3.86  0.00  5.31 
 681  3.78  0.00  5.31 
 682  4.94  0.00  5.31 
 683  4.43  0.00  5.31 
 684  3.89  0.00  5.31 
 685  5.18  0.00  5.31 
 686  4.84  0.00  5.31 
 687  5.43  0.00  5.31 
 688  4.09  0.00  5.43 
 689  3.84  0.00  5.43 
 690  4.45  0.00  5.43 
 691  4.84  0.00  5.43 
 692  3.25  0.00  5.43 
 693  3.91  0.00  5.43 
 694  4.26  0.00  5.43 
 695  4.85  0.00  5.43 
 696  4.13  0.00  5.43 
 697  4.21  0.00  5.43 
 698  4.62  0.00  5.43 
 699  3.73  0.00  5.43 
 700  5.36  0.00  5.43 
 701  4.13  0.00  5.43 
 702  3.48  0.00  5.43 
 703  5.46  0.00  5.43 
 704  4.52  0.00  5.46 
 705  4.31  0.00  5.46 
 706  3.84  0.00  5.46 
 707  4.93  0.00  5.46 
 708  4.39  0.00  5.46 
 709  4.59  0.00  5.46 
 710  4.27  0.00  5.46 
 711  3.44  0.00  5.46 
 712  4.06  0.00  5.46 
 713  4.72  0.00  5.46 
 714  4.43  0.00  5.46 
 715  4.16  0.00  5.46 
 716  4.62  0.00  5.46 
 717  5.13  0.00  5.46 
 718  4.17  0.00  5.46 
 719  4.77  0.00  5.46 
 720  3.44  0.00  5.46 
 721  4.48  0.00  5.46 
 722  4.49  0.00  5.46 
 723  4.79  0.00  5.46 
 724  4.57  0.00  5.46 
 725  3.60  0.00  5.46 
 726  3.97  0.00  5.46 
 727  4.66  0.00  5.46 
 728  3.78  0.00  5.46 
 729  4.37  0.00  5.46 
 730  4.03  0.00  5.46 
 731  3.76  0.00  5.46 
 732  4.50  0.00  5.46 
 733  4.45  0.00  5.46 
 734  5.11  0.00  5.46 
 735  4.43  0.00  5.46 
 736  4.72  0.00  5.46 
 737  4.15  0.00  5.46 
 738  3.95  0.00  5.46 
 739  4.59  0.00  5.46 
 740  4.70  0.00  5.46 
 741  4.33  0.00  5.46 
 742  4.69  0.00  5.46 
 743  4.63  0.00  5.46 
 744  4.68  0.00  5.46 
 745  4.69  0.00  5.46 
 746  3.93  0.00  5.46 
 747  5.01  0.00  5.46 
 748  4.17  0.00  5.46 
 749  3.43  0.00  5.46 
 750  4.56  0.00  5.46 
 751  5.05  0.00  5.46 
 752  4.26  0.00  5.46 
 753  3.59  0.00  5.46 
 754  4.85  0.00  5.46 
 755  3.87  0.00  5.46 
 756  4.28  0.00  5.46 
 757  5.21  0.00  5.46 
 758  4.71  0.00  5.46 
 759  3.93  0.00  5.46 
 760  3.11  0.00  5.46 
 761  3.11  0.00  5.46 
 762  4.13  0.00  5.46 
 763  3.80  0.00  5.46 
 764  4.96  0.00  5.46 
 765  4.98  0.00  5.46 
 766  4.43  0.00  5.46 
 767  4.93  0.00  5.46 
 768  3.42  0.00  5.46 
 769  3.91  0.00  5.46 
 770  4.52  0.00  5.46 
 771  4.09  0.00  5.46 
 772  4.18  0.00  5.46 
 773  4.30  0.00  5.46 
 774  5.18  0.00  5.46 
 775  3.63  0.00  5.46 
 776  4.75  0.00  5.46 
 777  4.99  0.00  5.46 
 778  4.33  0.00  5.46 
 779  4.84  0.00  5.46 
 780  4.06  0.00  5.46 
 781  3.97  0.00  5.46 
 782  4.38  0.00  5.46 
 783  4.52  0.00  5.46 
 784  4.25  0.00  5.46 
 785  5.78  0.00  5.46 
 786  5.08  0.00  5.78 
 787  3.47  0.00  5.78 
 788  4.91  0.00  5.78 
 789  3.90  0.00  5.78 
 790  4.14  0.00  5.78 
 791  4.08  0.00  5.78 
 792  3.33  0.00  5.78 
 793  3.34  0.00  5.78 
 794  3.50  0.00  5.78 
 795  4.45  0.00  5.78 
 796  4.60  0.00  5.78 
 797  4.31  0.00  5.78 
 798  3.25  0.00  5.78 
 799  3.81  0.00  5.78 
 800  5.51  0.00  5.78 
 801  3.86  0.00  5.78 
 802  5.10  0.00  5.78 
 803  3.35  0.00  5.78 
 804  3.84  0.00  5.78 
 805  3.00  0.00  5.78 
 806  3.79  0.00  5.78 
 807  4.54  0.00  5.78 
 808  3.40  0.00  5.78 
 809  4.42  0.00  5.78 
 810  4.63  0.00  5.78 
 811  4.61  0.00  5.78 
 812  3.91  0.00  5.78 
 813  4.59  0.00  5.78 
 814  4.10  0.00  5.78 
 815  4.08  0.00  5.78 
 816  4.09  0.00  5.78 
 817  4.55  0.00  5.78 
 818  5.33  0.00  5.78 
 819  5.02  0.00  5.78 
 820  4.31  0.00  5.78 
 821  5.51  0.00  5.78 
 822  5.45  0.00  5.78 
 823  4.27  0.00  5.78 
 824  4.61  0.00  5.78 
 825  4.62  0.00  5.78 
 826  4.72  0.00  5.78 
 827  4.21  0.00  5.78 
 828  4.09  0.00  5.78 
 829  3.53  0.00  5.78 
 830  5.13  0.00  5.78 
 831  5.14  0.00  5.78 
 832  4.64  0.00  5.78 
 833  4.68  0.00  5.78 
 834  5.52  0.00  5.78 
 835  4.57  0.00  5.78 
 836  5.05  0.00  5.78 
 837  5.82  0.00  5.78 
 838  5.39  0.00  5.82 
 839  5.32  0.00  5.82 
 840  5.28  0.00  5.82 
 841  5.40  0.00  5.82 
 842  4.33  0.00  5.82 
 843  5.65  0.00  5.82 
 844  3.89  0.00  5.82 
 845  5.28  0.00  5.82 
 846  5.10  0.00  5.82 
 847  5.99  0.00  5.82 
 848  5.96  0.00  5.99 
 849  5.31  0.00  5.99 
 850  4.66  0.00  5.99 
 851  4.93  0.00  5.99 
 852  4.57  0.00  5.99 
 853  4.66  0.00  5.99 
 854  4.68  0.00  5.99 
 855  5.03  0.00  5.99 
 856  5.72  0.00  5.99 
 857  4.43  0.00  5.99 
 858  5.23  0.00  5.99 
 859  5.65  0.00  5.99 
 860  5.22  0.00  5.99 
 861  4.63  0.00  5.99 
 862  5.10  0.00  5.99 
 863  4.41  0.00  5.99 
 864  5.33  0.00  5.99 
 865  4.56  0.00  5.99 
 866  5.70  0.00  5.99 
 867  4.59  0.00  5.99 
 868  4.49  0.00  5.99 
 869  5.40  0.00  5.99 
 870  5.14  0.00  5.99 
 871  4.69  0.00  5.99 
 872  5.75  0.00  5.99 
 873  5.64  0.00  5.99 
 874  4.94  0.00  5.99 
 875  3.96  0.00  5.99 
 876  5.71  0.00  5.99 
 877  5.64  0.00  5.99 
 878  5.36  0.00  5.99 
 879  4.41  0.00  5.99 
 880  5.65  0.00  5.99 
 881  5.09  0.00  5.99 
 882  6.12  0.00  5.99 
 883  5.30  0.00  6.12 
 884  3.84  0.00  6.12 
 885  5.06  0.00  6.12 
 886  4.02  0.00  6.12 
 887  4.28  0.00  6.12 
 888  5.11  0.00  6.12 
 889  4.81  0.00  6.12 
 890  5.35  0.00  6.12 
 891  4.99  0.00  6.12 
 892  5.48  0.00  6.12 
 893  5.19  0.00  6.12 
 894  4.82  0.00  6.12 
 895  5.73  0.00  6.12 
 896  5.67  0.00  6.12 
 897  5.55  0.00  6.12 
 898  5.53  0.00  6.12 
 899  5.50  0.00  6.12 
 900  5.67  0.00  6.12 
 901  4.64  0.00  6.12 
 902  5.99  0.00  6.12 
 903  3.14  0.00  6.12 
 904  4.51  0.00  6.12 
 905  5.57  0.00  6.12 
 906  5.46  0.00  6.12 
 907  5.98  0.00  6.12 
 908  5.45  0.00  6.12 
 909  4.71  0.00  6.12 
 910  3.70  0.00  6.12 
 911  5.39  0.00  6.12 
 912  4.51  0.00  6.12 
 913  4.70  0.00  6.12 
 914  5.19  0.00  6.12 
 915  6.17  0.00  6.12 
 916  4.53  0.00  6.17 
 917  4.40  0.00  6.17 
 918  4.77  0.00  6.17 
 919  5.28  0.00  6.17 
 920  5.61  0.00  6.17 
 921  5.39  0.00  6.17 
 922  5.85  0.00  6.17 
 923  5.66  0.00  6.17 
 924  6.12  0.00  6.17 
 925  5.83  0.00  6.17 
 926  4.88  0.00  6.17 
 927  4.82  0.00  6.17 
 928  5.61  0.00  6.17 
 929  5.27  0.00  6.17 
 930  5.99  0.00  6.17 
 931  5.15  0.00  6.17 
 932  4.96  0.00  6.17 
 933  6.13  0.00  6.17 
 934  4.82  0.00  6.17 
 935  5.01  0.00  6.17 
 936  5.67  0.00  6.17 
 937  5.93  0.00  6.17 
 938  5.48  0.00  6.17 
 939  6.08  0.00  6.17 
 940  6.08  0.00  6.17 
 941  5.65  0.00  6.17 
 942  5.60  0.00  6.17 
 943  5.37  0.00  6.17 
 944  5.58  0.00  6.17 
 945  4.30  0.00  6.17 
 946  5.12  0.00  6.17 
 947  5.65  0.00  6.17 
 948  5.87  0.00  6.17 
 949  5.27  0.00  6.17 
 950  5.94  0.00  6.17 
 951  4.97  0.00  6.17 
 952  5.97  0.00  6.17 
 953  5.26  0.00  6.17 
 954  3.96  0.00  6.17 
 955  5.59  0.00  6.17 
 956  4.58  0.00  6.17 
 957  4.04  0.00  6.17 
 958  5.47  0.00  6.17 
 959  5.95  0.00  6.17 
 960  5.25  0.00  6.17 
 961  5.30  0.00  6.17 
 962  4.85  0.00  6.17 
 963  5.11  0.00  6.17 
 964  5.30  0.00  6.17 
 965  5.23  0.00  6.17 
 966  6.01  0.00  6.17 
 967  6.24  0.00  6.17 
 968  5.94  0.00  6.24 
 969  5.36  0.00  6.24 
 970  5.99  0.00  6.24 
 971  5.39  0.00  6.24 
 972  4.61  0.00  6.24 
 973  6.68  0.00  6.24 
 974  5.41  0.00  6.68 
 975  5.48  0.00  6.68 
 976  6.51  0.00  6.68 
 977  5.62  0.00  6.68 
 978  5.12  0.00  6.68 
 979  5.20  0.00  6.68 
 980  5.72  0.00  6.68 
 981  4.43  0.00  6.68 
 982  5.07  0.00  6.68 
 983  5.31  0.00  6.68 
 984  5.14  0.00  6.68 
 985  4.83  0.00  6.68 
 986  5.16  0.00  6.68 
 987  5.62  0.00  6.68 
 988  4.84  0.00  6.68 
 989  5.59  0.00  6.68 
 990  4.71  0.00  6.68 
 991  6.00  0.00  6.68 
 992  4.66  0.00  6.68 
 993  5.07  0.00  6.68 
 994  5.43  0.00  6.68 
 995  5.66  0.00  6.68 
 996  6.13  0.00  6.68 
 997  5.30  0.00  6.68 
 998  6.06  0.00  6.68 
 999  6.02  0.00  6.68 
1000  5.80  0.00  6.68 
1001  6.63  0.00  6.68 
1002  5.23  0.00  6.68 
1003  6.04  0.00  6.68 
1004  6.32  0.00  6.68 
1005  6.27  0.00  6.68 
1006  5.83  0.00  6.68 
1007  5.04  0.00  6.68 
1008  5.02  0.00  6.68 
1009  6.10  0.00  6.68 
1010  5.76  0.00  6.68 
1011  6.26  0.00  6.68 
1012  6.31  0.00  6.68 
1013  5.52  0.00  6.68 
1014  5.34  0.00  6.68 
1015  6.09  0.00  6.68 
1016  6.41  0.00  6.68 
1017  6.15  0.00  6.68 
1018  6.08  0.00  6.68 
1019  5.57  0.00  6.68 
1020  5.64  0.00  6.68 
1021  6.03  0.00  6.68 
1022  4.78  0.00  6.68 
1023  5.03  0.00  6.68 
1024  6.10  0.00  6.68 
1025  4.82  0.00  6.68 
1026  5.91  0.00  6.68 
1027  6.41  0.00  6.68 
1028  5.65  0.00  6.68 
1029  6.68  0.00  6.68 
1030  5.45  0.00  6.68 
1031  5.55  0.00  6.68 
1032  4.98  0.00  6.68 
1033  5.91  0.00  6.68 
1034  5.70  0.00  6.68 
1035  6.47  0.00  6.68 
1036  5.93  0.00  6.68 
1037  5.55  0.00  6.68 
1038  6.41  0.00  6.68 
1039  5.75  0.00  6.68 
1040  5.83  0.00  6.68 
1041  5.70  0.00  6.68 
1042  6.01  0.00  6.68 
1043  5.91  0.00  6.68 
1044  6.16  0.00  6.68 
1045  5.03  0.00  6.68 
1046  6.55  0.00  6.68 
1047  5.32  0.00  6.68 
1048  5.06  0.00  6.68 
1049  3.53  0.00  6.68 
1050  5.60  0.00  6.68 
1051  5.60  0.00  6.68 
1052  5.61  0.00  6.68 
1053  5.51  0.00  6.68 
1054  5.77  0.00  6.68 
1055  6.08  0.00  6.68 
1056  5.63  0.00  6.68 
1057  3.76  0.00  6.68 
1058  5.77  0.00  6.68 
1059  5.85  0.00  6.68 
1060  5.88  0.00  6.68 
1061  5.26  0.00  6.68 
1062  5.10  0.00  6.68 
1063  4.76  0.00  6.68 
1064  5.19  0.00  6.68 
1065  5.41  0.00  6.68 
1066  4.55  0.00  6.68 
1067  6.20  0.00  6.68 
1068  4.82  0.00  6.68 
1069  5.71  0.00  6.68 
1070  5.24  0.00  6.68 
1071  5.88  0.00  6.68 
1072  4.32  0.00  6.68 
1073  5.57  0.00  6.68 
1074  5.41  0.00  6.68 
1075  6.18  0.00  6.68 
1076  5.06  0.00  6.68 
1077  5.17  0.00  6.68 
1078  5.88  0.00  6.68 
1079  4.39  0.00  6.68 
1080  6.22  0.00  6.68 
1081  6.15  0.00  6.68 
1082  6.35  0.00  6.68 
1083  5.60  0.00  6.68 
1084  6.40  0.00  6.68 
1085  4.98  0.00  6.68 
1086  4.32  0.00  6.68 
1087  5.51  0.00  6.68 
1088  5.68  0.00  6.68 
1089  5.52  0.00  6.68 
1090  5.95  0.00  6.68 
1091  5.02  0.00  6.68 
1092  5.20  0.00  6.68 
1093  5.57  0.00  6.68 
1094  4.28  0.00  6.68 
1095  6.08  0.00  6.68 
1096  6.28  0.00  6.68 
1097  6.67  0.00  6.68 
1098  4.14  0.00  6.68 
1099  4.12  0.00  6.68 
1100  5.30  0.00  6.68 
1101  4.20  0.00  6.68 
1102  4.00  0.00  6.68 
1103  5.28  0.00  6.68 
1104  5.81  0.00  6.68 
1105  4.80  0.00  6.68 
1106  5.37  0.00  6.68 
1107  4.86  0.00  6.68 
1108  4.23  0.00  6.68 
1109  5.41  0.00  6.68 
1110  5.21  0.00  6.68 
1111  4.74  0.00  6.68 
1112  5.36  0.00  6.68 
1113  4.54  0.00  6.68 
1114  4.54  0.00  6.68 
1115  3.97  0.00  6.68 
1116  6.47  0.00  6.68 
1117  5.63  0.00  6.68 
1118  6.56  0.00  6.68 
1119  5.09  0.00  6.68 
1120  4.25  0.00  6.68 
1121  5.62  0.00  6.68 
1122  5.94  0.00  6.68 
1123  5.21  0.00  6.68 
1124  4.68  0.00  6.68 
1125  6.02  0.00  6.68 
1126  5.70  0.00  6.68 
1127  5.39  0.00  6.68 
1128  4.30  0.00  6.68 
1129  6.22  0.00  6.68 
1130  4.96  0.00  6.68 
1131  5.98  0.00  6.68 
1132  5.51  0.00  6.68 
1133  5.94  0.00  6.68 
1134  6.00  0.00  6.68 
1135  5.73  0.00  6.68 
1136  4.15  0.00  6.68 
1137  5.36  0.00  6.68 
1138  4.98  0.00  6.68 
1139  5.50  0.00  6.68 
1140  5.47  0.00  6.68 
1141  4.66  0.00  6.68 
1142  5.80  0.00  6.68 
1143  5.42  0.00  6.68 
1144  5.93  0.00  6.68 
1145  5.62  0.00  6.68 
1146  6.33  0.00  6.68 
1147  5.35  0.00  6.68 
1148  6.23  0.00  6.68 
1149  5.67  0.00  6.68 
1150  5.99  0.00  6.68 
1151  5.27  0.00  6.68 
1152  5.37  0.00  6.68 
1153  4.81  0.00  6.68 
1154  5.14  0.00  6.68 
1155  6.26  0.00  6.68 
1156  5.14  0.00  6.68 
1157  6.47  0.00  6.68 
1158  5.88  0.00  6.68 
1159  6.59  0.00  6.68 
1160  5.70  0.00  6.68 
1161  6.71  0.00  6.68 
1162  6.08  0.00  6.71 
1163  5.05  0.00  6.71 
1164  5.85  0.00  6.71 
1165  5.86  0.00  6.71 
1166  5.28  0.00  6.71 
1167  5.17  0.00  6.71 
1168  5.26  0.00  6.71 
1169  6.76  0.00  6.71 
1170  6.42  0.00  6.76 
1171  6.96  0.00  6.76 
1172  5.35  0.00  6.96 
1173  5.40  0.00  6.96 
1174  4.96  0.00  6.96 
1175  5.17  0.00  6.96 
1176  6.55  0.00  6.96 
1177  5.79  0.00  6.96 
1178  6.68  0.00  6.96 
1179  6.16  0.00  6.96 
1180  6.40  0.00  6.96 
1181  4.77  0.00  6.96 
1182  4.01  0.00  6.96 
1183  4.46  0.00  6.96 
1184  6.94  0.00  6.96 
1185  5.35  0.00  6.96 
1186  5.19  0.00  6.96 
1187  6.20  0.00  6.96 
1188  4.21  0.00  6.96 
1189  5.86  0.00  6.96 
1190  5.95  0.00  6.96 
1191  5.42  0.00  6.96 
1192  4.82  0.00  6.96 
1193  5.89  0.00  6.96 
1194  5.43  0.00  6.96 
1195  5.71  0.00  6.96 
1196  5.44  0.00  6.96 
1197  6.05  0.00  6.96 
1198  5.88  0.00  6.96 
1199  5.51  0.00  6.96 
1200  6.49  0.00  6.96 
1201  5.28  0.00  6.96 
1202  5.12  0.00  6.96 
1203  5.59  0.00  6.96 
1204  6.08  0.00  6.96 
1205  5.04  0.00  6.96 
1206  5.57  0.00  6.96 
1207  4.92  0.00  6.96 
1208  5.94  0.00  6.96 
1209  5.92  0.00  6.96 
1210  5.39  0.00  6.96 
1211  6.87  0.00  6.96 
1212  5.72  0.00  6.96 
1213  5.27  0.00  6.96 
1214  6.29  0.00  6.96 
1215  6.95  0.00  6.96 
1216  4.55  0.00  6.96 
1217  5.48  0.00  6.96 
1218  6.11  0.00  6.96 
1219  6.48  0.00  6.96 
1220  4.83  0.00  6.96 
1221  6.44  0.00  6.96 
1222  5.06  0.00  6.96 
1223  4.64  0.00  6.96 
1224  6.96  0.00  6.96 
1225  5.22  0.00  6.96 
1226  5.12  0.00  6.96 
1227  6.58  0.00  6.96 
1228  6.56  0.00  6.96 
1229  5.66  0.00  6.96 
1230  5.36  0.00  6.96 
1231  4.39  0.00  6.96 
1232  6.44  0.00  6.96 
1233  5.77  0.00  6.96 
1234  5.37  0.00  6.96 
1235  5.42  0.00  6.96 
1236  6.27  0.00  6.96 
1237  5.41  0.00  6.96 
1238  5.27  0.00  6.96 
1239  6.55  0.00  6.96 
1240  4.75  0.00  6.96 
1241  5.76  0.00  6.96 
1242  6.38  0.00  6.96 
1243  5.16  0.00  6.96 
1244  5.26  0.00  6.96 
1245  6.56  0.00  6.96 
1246  6.21  0.00  6.96 
1247  5.98  0.00  6.96 
1248  5.91  0.00  6.96 
1249  6.40  0.00  6.96 
1250  6.92  0.00  6.96 
1251  6.13  0.00  6.96 
1252  6.24  0.00  6.96 
1253  5.53  0.00  6.96 
1254  6.46  0.00  6.96 
1255  4.71  0.00  6.96 
1256  7.05  0.00  6.96 
1257  6.23  0.00  7.05 
1258  5.50  0.00  7.05 
1259  6.77  0.00  7.05 
1260  6.14  0.00  7.05 
1261  6.68  0.00  7.05 
1262  6.63  0.00  7.05 
1263  6.64  0.00  7.05 
1264  5.88  0.00  7.05 
1265  6.21  0.00  7.05 
1266  6.59  0.00  7.05 
1267  5.57  0.00  7.05 
1268  5.67  0.00  7.05 
1269  5.12  0.00  7.05 
1270  6.90  0.00  7.05 
1271  4.92  0.00  7.05 
1272  4.46  0.00  7.05 
1273  5.30  0.00  7.05 
1274  6.74  0.00  7.05 
1275  5.40  0.00  7.05 
1276  6.45  0.00  7.05 
1277  7.02  0.00  7.05 
1278  6.43  0.00  7.05 
1279  6.01  0.00  7.05 
1280  6.24  0.00  7.05 
1281  5.34  0.00  7.05 
1282  6.61  0.00  7.05 
1283  6.73  0.00  7.05 
1284  5.42  0.00  7.05 
1285  6.11  0.00  7.05 
1286  6.34  0.00  7.05 
1287  5.02  0.00  7.05 
1288  6.11  0.00  7.05 
1289  7.25  0.00  7.05 
1290  5.70  0.00  7.25 
1291  6.21  0.00  7.25 
1292  6.49  0.00  7.25 
1293  7.06  0.00  7.25 
1294  6.51  0.00  7.25 
1295  5.56  0.00  7.25 
1296  5.49  0.00  7.25 
1297  5.45  0.00  7.25 
1298  7.45  0.00  7.25 
1299  6.66  0.00  7.45 
1300  4.85  0.00  7.45 
1301  6.41  0.00  7.45 
1302  6.80  0.00  7.45 
1303  6.20  0.00  7.45 
1304  5.64  0.00  7.45 
1305  5.97  0.00  7.45 
1306  5.47  0.00  7.45 
1307  5.73  0.00  7.45 
1308  5.57  0.00  7.45 
1309  6.60  0.00  7.45 
1310  4.45  0.00  7.45 
1311  5.15  0.00  7.45 
1312  6.65  0.00  7.45 
1313  6.43  0.00  7.45 
1314  6.54  0.00  7.45 
1315  5.83  0.00  7.45 
1316  5.84  0.00  7.45 
1317  5.78  0.00  7.45 
1318  5.81  0.00  7.45 
1319  5.56  0.00  7.45 
1320  6.28  0.00  7.45 
1321  5.84  0.00  7.45 
1322  5.84  0.00  7.45 
1323  6.31  0.00  7.45 
1324  4.45  0.00  7.45 
1325  6.46  0.00  7.45 
1326  5.99  0.00  7.45 
1327  6.58  0.00  7.45 
1328  6.24  0.00  7.45 
1329  4.14  0.00  7.45 
1330  7.15  0.00  7.45 
1331  6.00  0.00  7.45 
1332  6.37  0.00  7.45 
1333  4.83  0.00  7.45 
1334  4.38  0.00  7.45 
1335  5.63  0.00  7.45 
1336  5.36  0.00  7.45 
1337  5.63  0.00  7.45 
1338  4.89  0.00  7.45 
1339  5.39  0.00  7.45 
1340  5.57  0.00  7.45 
1341  5.14  0.00  7.45 
1342  4.83  0.00  7.45 
1343  5.06  0.00  7.45 
1344  4.39  0.00  7.45 
1345  6.03  0.00  7.45 
1346  6.16  0.00  7.45 
1347  7.49  0.00  7.45 
1348  5.76  0.00  7.49 
1349  5.00  0.00  7.49 
1350  4.94  0.00  7.49 
1351  5.08  0.00  7.49 
1352  5.84  0.00  7.49 
1353  5.83  0.00  7.49 
1354  6.12  0.00  7.49 
1355  6.28  0.00  7.49 
1356  5.43  0.00  7.49 
1357  4.55  0.00  7.49 
1358  4.99  0.00  7.49 
1359  5.71  0.00  7.49 
1360  6.45  0.00  7.49 
1361  6.03  0.00  7.49 
1362  4.42  0.00  7.49 
1363  5.62  0.00  7.49 
1364  5.92  0.00  7.49 
1365  5.39  0.00  7.49 
1366  5.00  0.00  7.49 
1367  5.61  0.00  7.49 
1368  6.22  0.00  7.49 
1369  4.53  0.00  7.49 
1370  6.31  0.00  7.49 
1371  6.74  0.00  7.49 
1372  6.23  0.00  7.49 
1373  5.99  0.00  7.49 
1374  6.82  0.00  7.49 
1375  5.59  0.00  7.49 
1376  4.95  0.00  7.49 
1377  6.42  0.00  7.49 
1378  5.60  0.00  7.49 
1379  5.39  0.00  7.49 
1380  4.98  0.00  7.49 
1381  5.02  0.00  7.49 
1382  6.70  0.00  7.49 
1383  5.90  0.00  7.49 
1384  4.81  0.00  7.49 
1385  6.88  0.00  7.49 
1386  6.70  0.00  7.49 
1387  5.82  0.00  7.49 
1388  6.65  0.00  7.49 
1389  5.90  0.00  7.49 
1390  6.34  0.00  7.49 
1391  5.38  0.00  7.49 
1392  5.33  0.00  7.49 
1393  5.96  0.00  7.49 
1394  6.40  0.00  7.49 
1395  5.42  0.00  7.49 
1396  5.95  0.00  7.49 
1397  5.71  0.00  7.49 
1398  4.93  0.00  7.49 
1399  6.43  0.00  7.49 
1400  5.75  0.00  7.49 
1401  5.92  0.00  7.49 
1402  6.58  0.00  7.49 
1403  7.39  0.00  7.49 
1404  6.22  0.00  7.49 
1405  5.20  0.00  7.49 
1406  5.61  0.00  7.49 
1407  5.17  0.00  7.49 
1408  6.56  0.00  7.49 
1409  6.81  0.00  7.49 
1410  5.63  0.00  7.49 
1411  5.75  0.00  7.49 
1412  4.74  0.00  7.49 
1413  5.87  0.00  7.49 
1414  6.03  0.00  7.49 
1415  6.28  0.00  7.49 
1416  5.51  0.00  7.49 
1417  6.94  0.00  7.49 
1418  6.47  0.00  7.49 
1419  5.43  0.00  7.49 
1420  5.86  0.00  7.49 
1421  6.61  0.00  7.49 
1422  5.18  0.00  7.49 
1423  6.39  0.00  7.49 
1424  7.32  0.00  7.49 
1425  5.37  0.00  7.49 
1426  6.25  0.00  7.49 
1427  5.67  0.00  7.49 
1428  6.31  0.00  7.49 
1429  5.79  0.00  7.49 
1430  5.61  0.00  7.49 
1431  5.62  0.00  7.49 
1432  7.01  0.00  7.49 
1433  6.79  0.00  7.49 
1434  6.29  0.00  7.49 
1435  6.05  0.00  7.49 
1436  5.77  0.00  7.49 
1437  5.30  0.00  7.49 
1438  6.02  0.00  7.49 
1439  5.43  0.00  7.49 
1440  5.65  0.00  7.49 
1441  6.57  0.00  7.49 
1442  6.83  0.00  7.49 
1443  6.84  0.00  7.49 
1444  5.82  0.00  7.49 
1445  6.85  0.00  7.49 
1446  6.90  0.00  7.49 
1447  6.70  0.00  7.49 
1448  5.87  0.00  7.49 
1449  4.74  0.00  7.49 
1450  5.71  0.00  7.49 
1451  6.76  0.00  7.49 
1452  5.65  0.00  7.49 
1453  6.24  0.00  7.49 
1454  5.60  0.00  7.49 
1455  6.49  0.00  7.49 
1456  6.77  0.00  7.49 
1457  5.91  0.00  7.49 
1458  6.47  0.00  7.49 
1459  6.31  0.00  7.49 
1460  6.40  0.00  7.49 
1461  5.39  0.00  7.49 
1462  5.73  0.00  7.49 
1463  5.89  0.00  7.49 
1464  6.50  0.00  7.49 
1465  6.59  0.00  7.49 
1466  6.09  0.00  7.49 
1467  6.45  0.00  7.49 
1468  6.54  0.00  7.49 
1469  5.10  0.00  7.49 
1470  5.37  0.00  7.49 
1471  7.36  0.00  7.49 
1472  5.33  0.00  7.49 
1473  6.06  0.00  7.49 
1474  5.90  0.00  7.49 
1475  6.23  0.00  7.49 
1476  5.50  0.00  7.49 
1477  5.83  0.00  7.49 
1478  7.31  0.00  7.49 
1479  5.47  0.00  7.49 
1480  6.56  0.00  7.49 
1481  6.85  0.00  7.49 
1482  5.30  0.00  7.49 
1483  6.67  0.00  7.49 
1484  5.38  0.00  7.49 
1485  7.43  0.00  7.49 
1486  6.01  0.00  7.49 
1487  4.84  0.00  7.49 
1488  6.47  0.00  7.49 
1489  6.32  0.00  7.49 
1490  7.05  0.00  7.49 
1491  6.48  0.00  7.49 
1492  7.94  0.00  7.49 
1493  6.26  0.00  7.94 
1494  6.79  0.00  7.94 
1495  5.80  0.00  7.94 
1496  6.73  0.00  7.94 
1497  5.80  0.00  7.94 
1498  5.81  0.00  7.94 
1499  7.13  0.00  7.94 
1500  5.70  0.00  7.94 
1501  7.29  0.00  7.94 
1502  7.49  0.00  7.94 
1503  4.46  0.00  7.94 
1504  5.98  0.00  7.94 
1505  6.22  0.00  7.94 
1506  6.27  0.00  7.94 
1507  6.96  0.00  7.94 
1508  6.55  0.00  7.94 
1509  4.20  0.00  7.94 
1510  7.04  0.00  7.94 
1511  6.29  0.00  7.94 
1512  5.08  0.00  7.94 
1513  5.52  0.00  7.94 
1514  5.21  0.00  7.94 
1515  6.16  0.00  7.94 
1516  6.26  0.00  7.94 
1517  5.18  0.00  7.94 
1518  7.20  0.00  7.94 
1519  6.65  0.00  7.94 
1520  6.32  0.00  7.94 
1521  6.31  0.00  7.94 
1522  5.36  0.00  7.94 
1523  6.74  0.00  7.94 
1524  5.31  0.00  7.94 
1525  6.26  0.00  7.94 
1526  5.01  0.00  7.94 
1527  5.32  0.00  7.94 
1528  4.78  0.00  7.94 
1529  5.51  0.00  7.94 
1530  6.54  0.00  7.94 
1531  7.20  0.00  7.94 
1532  4.75  0.00  7.94 
1533  6.63  0.00  7.94 
1534  6.02  0.00  7.94 
1535  7.11  0.00  7.94 
1536  5.85  0.00  7.94 
1537  5.16  0.00  7.94 
1538  5.49  0.00  7.94 
1539  4.64  0.00  7.94 
1540  5.05  0.00  7.94 
1541  6.80  0.00  7.94 
1542  4.81  0.00  7.94 
1543  5.98  0.00  7.94 
1544  6.10  0.00  7.94 
1545  5.54  0.00  7.94 
1546  5.94  0.00  7.94 
1547  6.26  0.00  7.94 
1548  5.61  0.00  7.94 
1549  5.83  0.00  7.94 
1550  6.30  0.00  7.94 
1551  6.91  0.00  7.94 
1552  7.52  0.00  7.94 
1553  5.51  0.00  7.94 
1554  6.20  0.00  7.94 
1555  5.09  0.00  7.94 
1556  6.46  0.00  7.94 
1557  5.47  0.00  7.94 
1558  4.73  0.00  7.94 
1559  6.04  0.00  7.94 
1560  4.65  0.00  7.94 
1561  5.35  0.00  7.94 
1562  4.68  0.00  7.94 
1563  6.46  0.00  7.94 
1564  5.95  0.00  7.94 
1565  7.15  0.00  7.94 
1566  5.60  0.00  7.94 
1567  5.98  0.00  7.94 
1568  7.39  0.00  7.94 
1569  5.76  0.00  7.94 
1570  6.59  0.00  7.94 
1571  5.85  0.00  7.94 
1572  4.42  0.00  7.94 
1573  6.65  0.00  7.94 
1574  5.28  0.00  7.94 
1575  4.63  0.00  7.94 
1576  5.29  0.00  7.94 
1577  6.31  0.00  7.94 
1578  5.90  0.00  7.94 
1579  5.83  0.00  7.94 
1580  6.02  0.00  7.94 
1581  5.51  0.00  7.94 
1582  5.43  0.00  7.94 
1583  5.27  0.00  7.94 
1584  5.37  0.00  7.94 
1585  6.05  0.00  7.94 
1586  6.07  0.00  7.94 
1587  6.77  0.00  7.94 
1588  5.20  0.00  7.94 
1589  7.03  0.00  7.94 
1590  5.77  0.00  7.94 
1591  5.68  0.00  7.94 
1592  7.20  0.00  7.94 
1593  6.26  0.00  7.94 
1594  7.31  0.00  7.94 
1595  6.09  0.00  7.94 
1596  6.46  0.00  7.94 
1597  5.51  0.00  7.94 
1598  6.41  0.00  7.94 
1599  6.11  0.00  7.94 
1600  6.48  0.00  7.94 
1601  6.35  0.00  7.94 
1602  5.75  0.00  7.94 
1603  5.58  0.00  7.94 
1604  6.80  0.00  7.94 
1605  5.35  0.00  7.94 
1606  6.81  0.00  7.94 
1607  6.68  0.00  7.94 
1608  5.22  0.00  7.94 
1609  6.96  0.00  7.94 
1610  5.98  0.00  7.94 
1611  6.84  0.00  7.94 
1612  7.30  0.00  7.94 
1613  6.62  0.00  7.94 
1614  6.87  0.00  7.94 
1615  6.72  0.00  7.94 
1616  6.68  0.00  7.94 
1617  6.86  0.00  7.94 
1618  6.37  0.00  7.94 
1619  5.77  0.00  7.94 
1620  4.96  0.00  7.94 
1621  7.28  0.00  7.94 
1622  5.46  0.00  7.94 
1623  5.33  0.00  7.94 
1624  7.50  0.00  7.94 
1625  6.74  0.00  7.94 
1626  5.54  0.00  7.94 
1627  5.45  0.00  7.94 
1628  4.41  0.00  7.94 
1629  5.83  0.00  7.94 
1630  6.22  0.00  7.94 
1631  6.03  0.00  7.94 
1632  4.48  0.00  7.94 
1633  6.27  0.00  7.94 
1634  5.86  0.00  7.94 
1635  7.04  0.00  7.94 
1636  4.62  0.00  7.94 
1637  7.07  0.00  7.94 
1638  6.00  0.00  7.94 
1639  6.45  0.00  7.94 
1640  5.77  0.00  7.94 
1641  5.71  0.00  7.94 
1642  6.25  0.00  7.94 
1643  5.61  0.00  7.94 
1644  5.99  0.00  7.94 
1645  6.09  0.00  7.94 
1646  5.05  0.00  7.94 
1647  7.11  0.00  7.94 
1648  7.16  0.00  7.94 
1649  5.71  0.00  7.94 
1650  5.76  0.00  7.94 
1651  6.15  0.00  7.94 
1652  5.80  0.00  7.94 
1653  6.89  0.00  7.94 
1654  6.13  0.00  7.94 
1655  7.37  0.00  7.94 
1656  5.74  0.00  7.94 
1657  6.94  0.00  7.94 
1658  5.44  0.00  7.94 
1659  5.74  0.00  7.94 
1660  5.32  0.00  7.94 
1661  6.71  0.00  7.94 
1662  7.57  0.00  7.94 
1663  6.73  0.00  7.94 
1664  6.37  0.00  7.94 
1665  6.17  0.00  7.94 
1666  6.04  0.00  7.94 
1667  7.24  0.00  7.94 
1668  6.96  0.00  7.94 
1669  5.33  0.00  7.94 
1670  6.82  0.00  7.94 
1671  6.55  0.00  7.94 
1672  6.83  0.00  7.94 
1673  7.15  0.00  7.94 
1674  6.84  0.00  7.94 
1675  6.22  0.00  7.94 
1676  6.63  0.00  7.94 
1677  6.09  0.00  7.94 
1678  5.77  0.00  7.94 
1679  6.77  0.00  7.94 
1680  6.76  0.00  7.94 
1681  6.00  0.00  7.94 
1682  5.53  0.00  7.94 
1683  6.93  0.00  7.94 
1684  6.69  0.00  7.94 
1685  6.29  0.00  7.94 
1686  5.85  0.00  7.94 
1687  7.38  0.00  7.94 
1688  5.75  0.00  7.94 
1689  6.99  0.00  7.94 
1690  6.61  0.00  7.94 
1691  6.21  0.00  7.94 
1692  6.37  0.00  7.94 
1693  6.74  0.00  7.94 
1694  6.53  0.00  7.94 
1695  6.40  0.00  7.94 
1696  6.57  0.00  7.94 
1697  6.40  0.00  7.94 
1698  7.39  0.00  7.94 
1699  5.72  0.00  7.94 
1700  7.74  0.00  7.94 
1701  6.50  0.00  7.94 
1702  6.40  0.00  7.94 
1703  6.93  0.00  7.94 
1704  5.99  0.00  7.94 
1705  7.64  0.00  7.94 
1706  6.14  0.00  7.94 
1707  6.83  0.00  7.94 
1708  4.99  0.00  7.94 
1709  6.70  0.00  7.94 
1710  7.05  0.00  7.94 
1711  7.12  0.00  7.94 
1712  4.83  0.00  7.94 
1713  7.66  0.00  7.94 
1714  7.78  0.00  7.94 
1715  6.62  0.00  7.94 
1716  7.55  0.00  7.94 
1717  7.58  0.00  7.94 
1718  6.99  0.00  7.94 
1719  6.29  0.00  7.94 
1720  5.72  0.00  7.94 
1721  6.23  0.00  7.94 
1722  7.90  0.00  7.94 
1723  7.40  0.00  7.94 
1724  6.56  0.00  7.94 
1725  6.43  0.00  7.94 
1726  7.02  0.00  7.94 
1727  6.79  0.00  7.94 
1728  6.01  0.00  7.94 
1729  5.45  0.00  7.94 
1730  5.98  0.00  7.94 
1731  6.42  0.00  7.94 
1732  7.26  0.00  7.94 
1733  7.59  0.00  7.94 
1734  7.62  0.00  7.94 
1735  6.56  0.00  7.94 
1736  6.18  0.00  7.94 
1737  6.45  0.00  7.94 
1738  7.65  0.00  7.94 
1739  6.97  0.00  7.94 
1740  6.90  0.00  7.94 
1741  7.19  0.00  7.94 
1742  6.80  0.00  7.94 
1743  6.17  0.00  7.94 
1744  7.31  0.00  7.94 
1745  5.58  0.00  7.94 
1746  6.76  0.00  7.94 
1747  7.26  0.00  7.94 
1748  7.67  0.00  7.94 
1749  6.30  0.00  7.94 
1750  6.48  0.00  7.94 
1751  5.21  0.00  7.94 
1752  7.23  0.00  7.94 
1753  7.27  0.00  7.94 
1754  7.43  0.00  7.94 
1755  6.94  0.00  7.94 
1756  6.06  0.00  7.94 
1757  6.09  0.00  7.94 
1758  7.13  0.00  7.94 
1759  6.57  0.00  7.94 
1760  7.38  0.00  7.94 
1761  5.72  0.00  7.94 
1762  6.98  0.00  7.94 
1763  5.20  0.00  7.94 
1764  6.78  0.00  7.94 
1765  6.38  0.00  7.94 
1766  6.53  0.00  7.94 
1767  6.40  0.00  7.94 
1768  6.45  0.00  7.94 
1769  6.16  0.00  7.94 
1770  6.14  0.00  7.94 
1771  6.69  0.00  7.94 
1772  7.50  0.00  7.94 
1773  7.43  0.00  7.94 
1774  6.44  0.00  7.94 
1775  6.58  0.00  7.94 
1776  6.73  0.00  7.94 
1777  5.78  0.00  7.94 
1778  7.00  0.00  7.94 
1779  4.85  0.00  7.94 
1780  7.25  0.00  7.94 
1781  6.58  0.00  7.94 
1782  6.69  0.00  7.94 
1783  6.38  0.00  7.94 
1784  6.89  0.00  7.94 
1785  6.25  0.00  7.94 
1786  6.76  0.00  7.94 
1787  5.79  0.00  7.94 
1788  6.08  0.00  7.94 
1789  7.18  0.00  7.94 
1790  6.24  0.00  7.94 
1791  6.27  0.00  7.94 
1792  7.24  0.00  7.94 
1793  6.40  0.00  7.94 
1794  7.61  0.00  7.94 
1795  6.87  0.00  7.94 
1796  7.99  0.00  7.94 
1797  6.84  0.00  7.99 
1798  5.20  0.00  7.99 
1799  6.28  0.00  7.99 
1800  7.04  0.00  7.99 
1801  6.31  0.00  7.99 
1802  5.27  0.00  7.99 
1803  8.18  0.00  7.99 
1804  6.83  0.00  8.18 
1805  7.61  0.00  8.18 
1806  5.35  0.00  8.18 
1807  7.39  0.00  8.18 
1808  6.95  0.00  8.18 
1809  7.34  0.00  8.18 
1810  6.85  0.00  8.18 
1811  6.17  0.00  8.18 
1812  6.63  0.00  8.18 
1813  6.62  0.00  8.18 
1814  8.38  0.00  8.18 
1815  6.37  0.00  8.38 
1816  7.23  0.00  8.38 
1817  7.87  0.00  8.38 
1818  6.67  0.00  8.38 
1819  7.08  0.00  8.38 
1820  7.92  0.00  8.38 
1821  6.38  0.00  8.38 
1822  6.74  0.00  8.38 
1823  6.21  0.00  8.38 
1824  6.55  0.00  8.38 
1825  5.97  0.00  8.38 
1826  6.69  0.00  8.38 
1827  4.62  0.00  8.38 
1828  7.34  0.00  8.38 
1829  6.02  0.00  8.38 
1830  8.31  0.00  8.38 
1831  7.34  0.00  8.38 
1832  6.46  0.00  8.38 
1833  6.59  0.00  8.38 
1834  6.58  0.00  8.38 
1835  6.73  0.00  8.38 
1836  7.39  0.00  8.38 
1837  6.67  0.00  8.38 
1838  5.86  0.00  8.38 
1839  7.35  0.00  8.38 
1840  7.78  0.00  8.38 
1841  6.13  0.00  8.38 
1842  5.83  0.00  8.38 
1843  7.19  0.00  8.38 
1844  6.28  0.00  8.38 
1845  4.42  0.00  8.38 
1846  7.75  0.00  8.38 
1847  6.49  0.00  8.38 
1848  6.54  0.00  8.38 
1849  5.59  0.00  8.38 
1850  6.90  0.00  8.38 
1851  7.53  0.00  8.38 
1852  5.80  0.00  8.38 
1853  7.11  0.00  8.38 
1854  6.99  0.00  8.38 
1855  5.28  0.00  8.38 
1856  6.57  0.00  8.38 
1857  6.70  0.00  8.38 
1858  7.20  0.00  8.38 
1859  6.01  0.00  8.38 
1860  7.22  0.00  8.38 
1861  6.40  0.00  8.38 
1862  7.01  0.00  8.38 
1863  7.13  0.00  8.38 
1864  7.80  0.00  8.38 
1865  5.99  0.00  8.38 
1866  8.19  0.00  8.38 
1867  7.01  0.00  8.38 
1868  6.66  0.00  8.38 
1869  7.31  0.00  8.38 
1870  6.00  0.00  8.38 
1871  6.14  0.00  8.38 
1872  7.91  0.00  8.38 
1873  6.45  0.00  8.38 
1874  6.92  0.00  8.38 
1875  6.20  0.00  8.38 
1876  7.77  0.00  8.38 
1877  6.74  0.00  8.38 
1878  7.77  0.00  8.38 
1879  6.22  0.00  8.38 
1880  7.40  0.00  8.38 
1881  7.06  0.00  8.38 
1882  6.78  0.00  8.38 
1883  6.62  0.00  8.38 
1884  6.98  0.00  8.38 
1885  6.58  0.00  8.38 
1886  7.38  0.00  8.38 
1887  7.93  0.00  8.38 
1888  6.86  0.00  8.38 
1889  6.47  0.00  8.38 
1890  6.26  0.00  8.38 
1891  7.62  0.00  8.38 
1892  7.57  0.00  8.38 
1893  7.63  0.00  8.38 
1894  7.13  0.00  8.38 
1895  7.53  0.00  8.38 
1896  7.53  0.00  8.38 
1897  6.27  0.00  8.38 
1898  7.05  0.00  8.38 
1899  5.63  0.00  8.38 
1900  6.37  0.00  8.38 
1901  7.48  0.00  8.38 
1902  5.63  0.00  8.38 
1903  6.61  0.00  8.38 
1904  6.15  0.00  8.38 
1905  6.62  0.00  8.38 
1906  6.59  0.00  8.38 
1907  5.44  0.00  8.38 
1908  7.24  0.00  8.38 
1909  6.79  0.00  8.38 
1910  6.49  0.00  8.38 
1911  6.87  0.00  8.38 
1912  6.62  0.00  8.38 
1913  6.80  0.00  8.38 
1914  6.43  0.00  8.38 
1915  7.68  0.00  8.38 
1916  6.88  0.00  8.38 
1917  7.52  0.00  8.38 
1918  5.61  0.00  8.38 
1919  7.06  0.00  8.38 
1920  6.20  0.00  8.38 
1921  7.68  0.00  8.38 
1922  6.79  0.00  8.38 
1923  7.51  0.00  8.38 
1924  7.31  0.00  8.38 
1925  6.99  0.00  8.38 
1926  6.84  0.00  8.38 
1927  7.35  0.00  8.38 
1928  7.38  0.00  8.38 
1929  6.22  0.00  8.38 
1930  5.91  0.00  8.38 
1931  7.15  0.00  8.38 
1932  7.29  0.00  8.38 
1933  7.00  0.00  8.38 
1934  6.89  0.00  8.38 
1935  5.44  0.00  8.38 
1936  7.36  0.00  8.38 
1937  6.06  0.00  8.38 
1938  5.96  0.00  8.38 
1939  7.27  0.00  8.38 
1940  7.71  0.00  8.38 
1941  5.93  0.00  8.38 
1942  6.17  0.00  8.38 
1943  6.47  0.00  8.38 
1944  5.69  0.00  8.38 
1945  8.07  0.00  8.38 
1946  7.39  0.00  8.38 
1947  8.01  0.00  8.38 
1948  7.41  0.00  8.38 
1949  7.84  0.00  8.38 
1950  7.09  0.00  8.38 
1951  7.60  0.00  8.38 
1952  5.81  0.00  8.38 
1953  7.05  0.00  8.38 
1954  7.03  0.00  8.38 
1955  7.30  0.00  8.38 
1956  6.89  0.00  8.38 
1957  6.02  0.00  8.38 
1958  7.12  0.00  8.38 
1959  6.99  0.00  8.38 
1960  5.24  0.00  8.38 
1961  7.57  0.00  8.38 
1962  7.28  0.00  8.38 
1963  7.19  0.00  8.38 
1964  6.41  0.00  8.38 
1965  7.26  0.00  8.38 
1966  6.87  0.00  8.38 
1967  6.35  0.00  8.38 
1968  5.88  0.00  8.38 
1969  6.56  0.00  8.38 
1970  6.47  0.00  8.38 
1971  7.36  0.00  8.38 
1972  6.53  0.00  8.38 
1973  7.55  0.00  8.38 
1974  7.45  0.00  8.38 
1975  6.33  0.00  8.38 
1976  7.04  0.00  8.38 
1977  6.59  0.00  8.38 
1978  6.33  0.00  8.38 
1979  6.49  0.00  8.38 
1980  5.77  0.00  8.38 
1981  7.37  0.00  8.38 
1982  6.99  0.00  8.38 
1983  7.47  0.00  8.38 
1984  7.09  0.00  8.38 
1985  5.98  0.00  8.38 
1986  7.24  0.00  8.38 
1987  7.39  0.00  8.38 
1988  7.81  0.00  8.38 
1989  7.34  0.00  8.38 
1990  7.77  0.00  8.38 
1991  7.66  0.00  8.38 
1992  6.70  0.00  8.38 
1993  7.11  0.00  8.38 
1994  8.07  0.00  8.38 
1995  6.99  0.00  8.38 
1996  6.66  0.00  8.38 
1997  6.70  0.00  8.38 
1998  6.87  0.00  8.38 
1999  7.01  0.00  8.38 
2000  7.56  0.00  8.38 
2001  6.19  0.00  8.38 
2002  6.64  0.00  8.38 
2003  7.92  0.00  8.38 
2004  7.06  0.00  8.38 
2005  7.73  0.00  8.38 
2006  6.12  0.00  8.38 
2007  6.75  0.00  8.38 
2008  5.86  0.00  8.38 
2009  7.24  0.00  8.38 
2010  7.44  0.00  8.38 
2011  7.32  0.00  8.38 
2012  6.60  0.00  8.38 
2013  7.50  0.00  8.38 
2014  7.27  0.00  8.38 
2015  7.05  0.00  8.38 
2016  6.65  0.00  8.38 
2017  6.53  0.00  8.38 
2018  7.47  0.00  8.38 
2019  7.39  0.00  8.38 
2020  7.07  0.00  8.38 
2021  7.04  0.00  8.38 
2022  6.64  0.00  8.38 
2023  7.66  0.00  8.38 
2024  7.61  0.00  8.38 
2025  6.73  0.00  8.38 
2026  6.26  0.00  8.38 
2027  7.20  0.00  8.38 
2028  6.74  0.00  8.38 
2029  5.94  0.00  8.38 
2030  7.65  0.00  8.38 
2031  6.65  0.00  8.38 
2032  5.25  0.00  8.38 
2033  7.19  0.00  8.38 
2034  7.88  0.00  8.38 
2035  5.99  0.00  8.38 
2036  6.01  0.00  8.38 
2037  7.06  0.00  8.38 
2038  6.79  0.00  8.38 
2039  7.84  0.00  8.38 
2040  7.36  0.00  8.38 
2041  6.99  0.00  8.38 
2042  6.76  0.00  8.38 
2043  7.19  0.00  8.38 
2044  6.73  0.00  8.38 
2045  8.19  0.00  8.38 
2046  6.85  0.00  8.38 
2047  7.91  0.00  8.38 
2048  6.48  0.00  8.38 
2049  8.04  0.00  8.38 
2050  5.44  0.00  8.38 
2051  6.77  0.00  8.38 
2052  6.82  0.00  8.38 
2053  7.16  0.00  8.38 
2054  6.09  0.00  8.38 
2055  5.60  0.00  8.38 
2056  7.10  0.00  8.38 
2057  7.62  0.00  8.38 
2058  6.33  0.00  8.38 
2059  7.13  0.00  8.38 
2060  7.31  0.00  8.38 
2061  8.14  0.00  8.38 
2062  8.01  0.00  8.38 
2063  7.78  0.00  8.38 
2064  8.15  0.00  8.38 
2065  7.40  0.00  8.38 
2066  6.72  0.00  8.38 
2067  7.07  0.00  8.38 
2068  7.12  0.00  8.38 
2069  7.30  0.00  8.38 
2070  7.52  0.00  8.38 
2071  8.25  0.00  8.38 
2072  6.44  0.00  8.38 
2073  7.31  0.00  8.38 
2074  8.62  0.00  8.38 
2075  6.65  0.00  8.62 
2076  7.75  0.00  8.62 
2077  6.66  0.00  8.62 
2078  7.64  0.00  8.62 
2079  6.39  0.00  8.62 
2080  7.60  0.00  8.62 
2081  8.40  0.00  8.62 
2082  6.52  0.00  8.62 
2083  5.92  0.00  8.62 
2084  6.53  0.00  8.62 
2085  6.20  0.00  8.62 
2086  7.39  0.00  8.62 
2087  6.93  0.00  8.62 
2088  7.55  0.00  8.62 
2089  6.94  0.00  8.62 
2090  6.64  0.00  8.62 
2091  8.30  0.00  8.62 
2092  7.78  0.00  8.62 
2093  6.96  0.00  8.62 
2094  6.17  0.00  8.62 
2095  7.25  0.00  8.62 
2096  6.23  0.00  8.62 
2097  6.83  0.00  8.62 
2098  7.51  0.00  8.62 
2099  7.23  0.00  8.62 
2100  8.37  0.00  8.62 
2101  8.67  0.00  8.62 
2102  7.43  0.00  8.67 
2103  7.49  0.00  8.67 
2104  7.61  0.00  8.67 
2105  6.41  0.00  8.67 
2106  7.18  0.00  8.67 
2107  7.86  0.00  8.67 
2108  7.96  0.00  8.67 
2109  7.57  0.00  8.67 
2110  7.77  0.00  8.67 
2111  6.68  0.00  8.67 
2112  5.94  0.00  8.67 
2113  7.52  0.00  8.67 
2114  6.21  0.00  8.67 
2115  7.03  0.00  8.67 
2116  8.47  0.00  8.67 
2117  6.37  0.00  8.67 
2118  7.29  0.00  8.67 
2119  6.80  0.00  8.67 
2120  8.65  0.00  8.67 
2121  8.45  0.00  8.67 
2122  7.75  0.00  8.67 
2123  6.54  0.00  8.67 
2124  7.82  0.00  8.67 
2125  7.76  0.00  8.67 
2126  8.07  0.00  8.67 
2127  7.64  0.00  8.67 
2128  7.49  0.00  8.67 
2129  6.70  0.00  8.67 
2130  6.18  0.00  8.67 
2131  6.78  0.00  8.67 
2132  7.55  0.00  8.67 
2133  6.97  0.00  8.67 
2134  8.04  0.00  8.67 
2135  8.00  0.00  8.67 
2136  8.25  0.00  8.67 
2137  7.30  0.00  8.67 
2138  8.90  0.00  8.67 
2139  8.67  0.00  8.90 
2140  7.09  0.00  8.90 
2141  8.18  0.00  8.90 
2142  7.70  0.00  8.90 
2143  7.81  0.00  8.90 
2144  8.88  0.00  8.90 
2145  6.91  0.00  8.90 
2146  7.39  0.00  8.90 
2147  7.33  0.00  8.90 
2148  7.13  0.00  8.90 
2149  6.45  0.00  8.90 
2150  7.54  0.00  8.90 
2151  6.20  0.00  8.90 
2152  7.02  0.00  8.90 
2153  7.88  0.00  8.90 
2154  7.90  0.00  8.90 
2155  6.63  0.00  8.90 
2156  7.94  0.00  8.90 
2157  7.43  0.00  8.90 
2158  7.02  0.00  8.90 
2159  6.07  0.00  8.90 
2160  8.11  0.00  8.90 
2161  7.53  0.00  8.90 
2162  6.87  0.00  8.90 
2163  6.64  0.00  8.90 
2164  6.53  0.00  8.90 
2165  6.79  0.00  8.90 
2166  7.04  0.00  8.90 
2167  6.43  0.00  8.90 
2168  8.41  0.00  8.90 
2169  5.49  0.00  8.90 
2170  7.95  0.00  8.90 
2171  7.87  0.00  8.90 
2172  8.00  0.00  8.90 
2173  7.38  0.00  8.90 
2174  7.72  0.00  8.90 
2175  7.15  0.00  8.90 
2176  6.73  0.00  8.90 
2177  7.78  0.00  8.90 
2178  7.81  0.00  8.90 
2179  7.90  0.00  8.90 
2180  7.56  0.00  8.90 
2181  7.47  0.00  8.90 
2182  7.00  0.00  8.90 
2183  7.77  0.00  8.90 
2184  7.02  0.00  8.90 
2185  8.62  0.00  8.90 
2186  7.10  0.00  8.90 
2187  6.74  0.00  8.90 
2188  7.04  0.00  8.90 
2189  7.27  0.00  8.90 
2190  5.88  0.00  8.90 
2191  7.43  0.00  8.90 
2192  7.64  0.00  8.90 
2193  6.70  0.00  8.90 
2194  7.42  0.00  8.90 
2195  6.36  0.00  8.90 
2196  7.45  0.00  8.90 
2197  6.51  0.00  8.90 
2198  6.69  0.00  8.90 
2199  6.58  0.00  8.90 
2200  6.46  0.00  8.90 
2201  6.69  0.00  8.90 
