pts[19] = {0.0438,0.0375,0.0333,0.0242,0.0205,0.021,0.0241,0.0333,0.0365,0.0401,0.0551,0.0323,0.023,0.0196,0.0202,0.0234,0.0335,0.0571,0.0438};
pts[19] = {0.0478,0.0403,0.033,0.0241,0.0202,0.0207,0.0247,0.0336,0.0365,0.0409,0.0564,0.0324,0.0231,0.0194,0.0204,0.0236,0.0353,0.0616,0.0478};
pts[19] = {0.0514,0.0426,0.0335,0.0246,0.0206,0.0211,0.0248,0.0339,0.038,0.0417,0.0577,0.0338,0.0235,0.0198,0.0205,0.0237,0.036,0.066,0.0514};
pts[19] = {0.0533,0.0427,0.0339,0.0251,0.0205,0.0211,0.0244,0.0344,0.0396,0.0433,0.0591,0.0342,0.0238,0.0197,0.0206,0.025,0.0373,0.0719,0.0533};
pts[19] = {0.0556,0.0435,0.0342,0.0257,0.0209,0.0214,0.0245,0.035,0.0406,0.0452,0.0585,0.0341,0.0235,0.0202,0.021,0.0255,0.0381,0.0787,0.0556};
pts[19] = {0.0594,0.044,0.0335,0.0255,0.0213,0.0218,0.0247,0.0358,0.0424,0.0464,0.0583,0.0342,0.0238,0.0203,0.0213,0.0261,0.0398,0.083,0.0594};
pts[19] = {0.0617,0.0445,0.0336,0.0251,0.0212,0.0225,0.0249,0.0379,0.0441,0.048,0.0591,0.0341,0.024,0.0197,0.0217,0.0263,0.0403,0.0887,0.0617};
pts[19] = {0.0647,0.0443,0.0342,0.0251,0.0216,0.0227,0.0252,0.0389,0.0453,0.0491,0.0593,0.0333,0.0232,0.0194,0.0215,0.0266,0.0415,0.0935,0.0647};
pts[19] = {0.0686,0.0455,0.0347,0.0248,0.0216,0.0225,0.0252,0.0401,0.0471,0.0509,0.0595,0.0331,0.0232,0.02,0.0217,0.0267,0.0423,0.0988,0.0686};
pts[19] = {0.0713,0.0463,0.0347,0.0241,0.0216,0.0227,0.0254,0.0405,0.0498,0.0517,0.0599,0.0332,0.0228,0.0202,0.0215,0.027,0.0426,0.1038,0.0713};
pts[19] = {0.0753,0.0471,0.0349,0.0232,0.021,0.0236,0.0259,0.0415,0.0523,0.0515,0.0595,0.0319,0.0219,0.0203,0.0217,0.0278,0.0432,0.1038,0.0753};
pts[19] = {0.0786,0.0468,0.0346,0.0224,0.0203,0.0242,0.0256,0.0427,0.0552,0.0528,0.0609,0.0314,0.0211,0.0204,0.022,0.0293,0.0447,0.1038,0.0786};
pts[19] = {0.0786,0.0475,0.0337,0.0212,0.0195,0.0246,0.0256,0.0444,0.0588,0.0551,0.0618,0.0308,0.0205,0.0205,0.0221,0.0299,0.0467,0.1038,0.0786};
pts[19] = {0.0786,0.0475,0.0339,0.0207,0.019,0.0251,0.0266,0.0456,0.0625,0.0561,0.0632,0.0303,0.0201,0.0203,0.0231,0.0309,0.049,0.1038,0.0786};
pts[19] = {0.0786,0.0482,0.0338,0.0194,0.0185,0.0253,0.0269,0.0463,0.0669,0.0569,0.065,0.03,0.0192,0.0198,0.0239,0.0318,0.0496,0.1038,0.0786};
pts[19] = {0.0786,0.0486,0.0338,0.0192,0.0178,0.0256,0.0271,0.0485,0.0702,0.059,0.0671,0.0299,0.0193,0.0203,0.0245,0.033,0.0509,0.1038,0.0786};
pts[19] = {0.0786,0.0492,0.0348,0.0194,0.017,0.0263,0.0277,0.0503,0.0702,0.0617,0.0694,0.03,0.0182,0.0205,0.0245,0.0338,0.0524,0.1038,0.0786};
pts[19] = {0.0786,0.0498,0.036,0.0188,0.016,0.0262,0.0278,0.0524,0.0702,0.0653,0.0704,0.0298,0.0174,0.0204,0.0249,0.0344,0.0534,0.1038,0.0786};
pts[19] = {0.0786,0.0515,0.0354,0.0184,0.0146,0.026,0.0284,0.0537,0.0702,0.0678,0.0727,0.0295,0.0168,0.0195,0.0253,0.0358,0.0558,0.1038,0.0786};
pts[19] = {0.0786,0.051,0.0366,0.0173,0.0139,0.0252,0.0289,0.056,0.0702,0.0699,0.0761,0.0291,0.0156,0.0195,0.0258,0.0366,0.0574,0.1038,0.0786};
pts[19] = {0.0786,0.0515,0.0372,0.0167,0.0134,0.0248,0.0299,0.0593,0.0702,0.0706,0.0769,0.0282,0.0141,0.019,0.0268,0.0383,0.0599,0.1038,0.0786};
pts[19] = {0.0786,0.0519,0.0372,0.0156,0.0129,0.0252,0.0307,0.0623,0.0702,0.0729,0.0775,0.0276,0.0137,0.019,0.0277,0.0396,0.0612,0.1038,0.0786};
pts[19] = {0.0786,0.0516,0.0364,0.0149,0.0126,0.0248,0.0319,0.0647,0.0702,0.0744,0.0789,0.0267,0.0125,0.0189,0.0285,0.0404,0.0626,0.1038,0.0786};
pts[19] = {0.0786,0.0517,0.0365,0.0147,0.0121,0.0242,0.0327,0.0658,0.0702,0.0759,0.0801,0.0272,0.0107,0.0182,0.0296,0.0408,0.0638,0.1038,0.0786};
pts[19] = {0.0786,0.0521,0.0365,0.0139,0.012,0.0242,0.0331,0.0658,0.0702,0.0779,0.0821,0.0264,0.01,0.0186,0.0302,0.0421,0.0639,0.1038,0.0786};
pts[19] = {0.0786,0.0535,0.0363,0.0131,0.0113,0.0239,0.0338,0.0658,0.0702,0.0781,0.0833,0.0262,0.0086,0.0176,0.0306,0.0433,0.0639,0.1038,0.0786};
pts[19] = {0.0786,0.0537,0.036,0.0128,0.0101,0.0245,0.0348,0.0658,0.0702,0.0781,0.0847,0.0256,0.0082,0.0169,0.0313,0.0441,0.0639,0.1038,0.0786};
pts[19] = {0.0786,0.054,0.0362,0.0126,0.0092,0.0249,0.0361,0.0658,0.0702,0.0781,0.0864,0.0252,0.0078,0.0163,0.0319,0.0454,0.0639,0.1038,0.0786};
pts[19] = {0.0786,0.0544,0.0361,0.0121,0.0085,0.0248,0.0372,0.0658,0.0702,0.0781,0.0887,0.0247,0.0078,0.0156,0.0326,0.0462,0.0639,0.1038,0.0786};
pts[19] = {0.0786,0.0552,0.0375,0.0124,0.0078,0.0257,0.037,0.0658,0.0702,0.0781,0.0911,0.0251,0.0085,0.0158,0.0334,0.0464,0.0639,0.1038,0.0786};
pts[19] = {0.0786,0.0557,0.037,0.0118,0.0069,0.0264,0.0379,0.0658,0.0702,0.0781,0.0928,0.0243,0.0078,0.0153,0.0346,0.0464,0.0639,0.1038,0.0786};
pts[19] = {0.0786,0.0556,0.0374,0.0124,0.0059,0.0263,0.0383,0.0658,0.0702,0.0781,0.0943,0.0241,0.0073,0.0157,0.035,0.0464,0.0639,0.1038,0.0786};
pts[19] = {0.0786,0.0571,0.0381,0.013,0.0056,0.0264,0.0395,0.0658,0.0702,0.0781,0.0962,0.0251,0.007,0.016,0.0351,0.0464,0.0639,0.1038,0.0786};
pts[19] = {0.0786,0.0574,0.0385,0.0137,0.0047,0.0272,0.04,0.0658,0.0702,0.0781,0.0965,0.0247,0.0069,0.0154,0.0348,0.0464,0.0639,0.1038,0.0786};
pts[19] = {0.0786,0.0584,0.0391,0.0139,0.0042,0.0284,0.0412,0.0658,0.0702,0.0781,0.0972,0.0251,0.0066,0.0149,0.0355,0.0464,0.0639,0.1038,0.0786};
pts[19] = {0.0786,0.0551,0.0404,0.0157,0.0061,0.0275,0.0397,0.0658,0.0702,0.0768,0.0911,0.0256,0.0089,0.0151,0.0339,0.0447,0.0622,0.1038,0.0786};
pts[19] = {0.0786,0.0597,0.0411,0.0143,0.0031,0.0287,0.0428,0.0658,0.0702,0.0781,0.0995,0.0242,0.0073,0.0142,0.0363,0.0464,0.0639,0.1038,0.0786};
pts[19] = {0.0786,0.0597,0.0402,0.0137,0.0021,0.0296,0.0438,0.0658,0.0702,0.0781,0.0996,0.0235,0.0064,0.0146,0.0367,0.0464,0.0639,0.1038,0.0786};
pts[19] = {0.0786,0.0603,0.041,0.0141,0.0018,0.0298,0.0452,0.0658,0.0702,0.0781,0.101,0.0245,0.007,0.0137,0.0372,0.0464,0.0639,0.1038,0.0786};
pts[19] = {0.0786,0.0611,0.04,0.0146,0.001,0.0302,0.0463,0.0658,0.0702,0.0781,0.1011,0.0241,0.0073,0.013,0.0369,0.0464,0.0639,0.1038,0.0786};
pts[19] = {0.0786,0.0616,0.0419,0.0149,0.0013,0.0302,0.046,0.0658,0.0702,0.0781,0.1016,0.0246,0.0078,0.0131,0.0372,0.0464,0.0639,0.1038,0.0786};
pts[19] = {0.0786,0.0625,0.0417,0.0146,0.0002,0.0299,0.0465,0.0658,0.0702,0.0781,0.0996,0.025,0.0073,0.0127,0.038,0.0464,0.0639,0.1038,0.0786};
pts[19] = {0.0786,0.0641,0.0428,0.0148,0.0005,0.0303,0.047,0.0658,0.0702,0.0781,0.1009,0.0254,0.0074,0.0127,0.0387,0.0464,0.0639,0.1038,0.0786};
pts[19] = {0.0786,0.064,0.0427,0.0142,0.0,0.0303,0.0473,0.0658,0.0702,0.0781,0.0995,0.0239,0.0067,0.0119,0.0388,0.0464,0.0639,0.1038,0.0786};
pts[19] = {0.0786,0.0645,0.0434,0.015,0.0004,0.0311,0.0475,0.0658,0.0702,0.0781,0.1023,0.0235,0.0075,0.012,0.0391,0.0464,0.0639,0.1038,0.0786};
pts[19] = {0.0786,0.0648,0.043,0.0147,0.0005,0.0318,0.0475,0.0658,0.0702,0.0781,0.0999,0.0231,0.0073,0.0117,0.0391,0.0464,0.0639,0.1038,0.0786};
pts[19] = {0.0786,0.0663,0.0431,0.0158,0.0002,0.0326,0.0475,0.0658,0.0702,0.0781,0.1019,0.0226,0.0079,0.0118,0.0394,0.0464,0.0639,0.1038,0.0786};
pts[19] = {0.0786,0.0659,0.0432,0.0154,0.0001,0.0329,0.0475,0.0658,0.0702,0.0781,0.1004,0.0211,0.0078,0.0113,0.0398,0.0464,0.0639,0.1038,0.0786};
pts[19] = {0.0786,0.0664,0.0433,0.0164,0.0009,0.0339,0.0475,0.0658,0.0702,0.0781,0.1006,0.0219,0.0079,0.0114,0.0399,0.0464,0.0639,0.1038,0.0786};
