Iter | Sampling Pol | Evaluation Pol | Best (Sampled) 
   0 -0.24  0.00 -100000000.00 
   1 -0.13  0.00 -0.24 
   2 -0.11  0.00 -0.13 
   3 -0.17  0.00 -0.11 
   4 -0.15  0.00 -0.11 
   5 -0.14  0.00 -0.11 
   6 -0.13  0.00 -0.11 
   7 -0.08  0.00 -0.11 
   8 -0.05  0.00 -0.08 
   9 -0.09  0.00 -0.05 
  10 -0.06  0.00 -0.05 
  11 -0.09  0.00 -0.05 
  12 -0.05  0.00 -0.05 
  13 -0.03  0.00 -0.05 
  14 -0.13  0.00 -0.03 
  15 -0.08  0.00 -0.03 
  16 -0.07  0.00 -0.03 
  17 -0.04  0.00 -0.03 
  18 -0.07  0.00 -0.03 
  19 -0.11  0.00 -0.03 
  20 -0.04  0.00 -0.03 
  21 -0.07  0.00 -0.03 
  22 -0.04  0.00 -0.03 
  23 -0.02  0.00 -0.03 
  24 -0.00  0.00 -0.02 
  25 -0.03  0.00 -0.00 
  26  0.01  0.00 -0.00 
  27 -0.05  0.00  0.01 
  28 -0.02  0.00  0.01 
  29 -0.06  0.00  0.01 
  30 -0.02  0.00  0.01 
  31 -0.03  0.00  0.01 
  32 -0.00  0.00  0.01 
  33  0.00  0.00  0.01 
  34 -0.03  0.00  0.01 
  35 -0.00  0.00  0.01 
  36  0.01  0.00  0.01 
  37 -0.02  0.00  0.01 
  38 -0.00  0.00  0.01 
  39  0.01  0.00  0.01 
  40 -0.02  0.00  0.01 
  41  0.01  0.00  0.01 
  42  0.06  0.00  0.01 
  43  0.01  0.00  0.06 
  44 -0.00  0.00  0.06 
  45 -0.01  0.00  0.06 
  46  0.06  0.00  0.06 
  47  0.04  0.00  0.06 
  48  0.03  0.00  0.06 
  49  0.04  0.00  0.06 
  50  0.01  0.00  0.06 
  51  0.03  0.00  0.06 
  52  0.07  0.00  0.06 
  53  0.03  0.00  0.07 
  54  0.05  0.00  0.07 
  55  0.03  0.00  0.07 
  56  0.10  0.00  0.07 
  57  0.09  0.00  0.10 
  58  0.05  0.00  0.10 
  59  0.10  0.00  0.10 
  60  0.12  0.00  0.10 
  61  0.06  0.00  0.12 
  62  0.08  0.00  0.12 
  63  0.07  0.00  0.12 
  64  0.06  0.00  0.12 
  65  0.14  0.00  0.12 
  66  0.08  0.00  0.14 
  67  0.07  0.00  0.14 
  68  0.09  0.00  0.14 
  69  0.08  0.00  0.14 
  70  0.09  0.00  0.14 
  71  0.05  0.00  0.14 
  72  0.07  0.00  0.14 
  73  0.17  0.00  0.14 
  74  0.13  0.00  0.17 
  75  0.06  0.00  0.17 
  76  0.16  0.00  0.17 
  77  0.13  0.00  0.17 
  78  0.13  0.00  0.17 
  79  0.22  0.00  0.17 
  80  0.11  0.00  0.22 
  81  0.25  0.00  0.22 
  82  0.14  0.00  0.25 
  83  0.23  0.00  0.25 
  84  0.19  0.00  0.25 
  85  0.14  0.00  0.25 
  86  0.13  0.00  0.25 
  87  0.19  0.00  0.25 
  88  0.27  0.00  0.25 
  89  0.15  0.00  0.27 
  90  0.13  0.00  0.27 
  91  0.30  0.00  0.27 
  92  0.31  0.00  0.30 
  93  0.09  0.00  0.31 
  94  0.31  0.00  0.31 
  95  0.20  0.00  0.31 
  96  0.33  0.00  0.31 
  97  0.18  0.00  0.33 
  98  0.20  0.00  0.33 
  99  0.24  0.00  0.33 
 100  0.43  0.00  0.33 
 101  0.33  0.00  0.43 
 102  0.43  0.00  0.43 
 103  0.34  0.00  0.43 
 104  0.26  0.00  0.43 
 105  0.30  0.00  0.43 
 106  0.31  0.00  0.43 
 107  0.44  0.00  0.43 
 108  0.17  0.00  0.44 
 109  0.52  0.00  0.44 
 110  0.22  0.00  0.52 
 111  0.38  0.00  0.52 
 112  0.42  0.00  0.52 
 113  0.54  0.00  0.52 
 114  0.50  0.00  0.54 
 115  0.37  0.00  0.54 
 116  0.28  0.00  0.54 
 117  0.28  0.00  0.54 
 118  0.50  0.00  0.54 
 119  0.32  0.00  0.54 
 120  0.27  0.00  0.54 
 121  0.16  0.00  0.54 
 122  0.47  0.00  0.54 
 123  0.59  0.00  0.54 
 124  0.62  0.00  0.59 
 125  0.98  0.00  0.62 
 126  0.62  0.00  0.98 
 127  0.80  0.00  0.98 
 128  0.96  0.00  0.98 
 129  0.71  0.00  0.98 
 130  0.61  0.00  0.98 
 131  0.58  0.00  0.98 
 132  0.62  0.00  0.98 
 133  0.89  0.00  0.98 
 134  1.13  0.00  0.98 
 135  0.84  0.00  1.13 
 136  0.83  0.00  1.13 
 137  0.89  0.00  1.13 
 138  0.53  0.00  1.13 
 139  0.73  0.00  1.13 
 140  0.75  0.00  1.13 
 141  1.32  0.00  1.13 
 142  0.59  0.00  1.32 
 143  1.12  0.00  1.32 
 144  0.90  0.00  1.32 
 145  1.07  0.00  1.32 
 146  1.10  0.00  1.32 
 147  0.72  0.00  1.32 
 148  0.86  0.00  1.32 
 149  1.12  0.00  1.32 
 150  1.25  0.00  1.32 
 151  0.80  0.00  1.32 
 152  1.45  0.00  1.32 
 153  0.94  0.00  1.45 
 154  1.21  0.00  1.45 
 155  0.98  0.00  1.45 
 156  0.88  0.00  1.45 
 157  0.61  0.00  1.45 
 158  1.55  0.00  1.45 
 159  0.94  0.00  1.55 
 160  1.58  0.00  1.55 
 161  0.89  0.00  1.58 
 162  0.79  0.00  1.58 
 163  1.20  0.00  1.58 
 164  1.46  0.00  1.58 
 165  1.43  0.00  1.58 
 166  1.24  0.00  1.58 
 167  1.34  0.00  1.58 
 168  0.99  0.00  1.58 
 169  1.20  0.00  1.58 
 170  1.22  0.00  1.58 
 171  1.75  0.00  1.58 
 172  1.44  0.00  1.75 
 173  0.93  0.00  1.75 
 174  1.46  0.00  1.75 
 175  1.16  0.00  1.75 
 176  1.30  0.00  1.75 
 177  1.62  0.00  1.75 
 178  1.41  0.00  1.75 
 179  1.93  0.00  1.75 
 180  2.00  0.00  1.93 
 181  1.38  0.00  2.00 
 182  1.20  0.00  2.00 
 183  1.33  0.00  2.00 
 184  1.10  0.00  2.00 
 185  1.28  0.00  2.00 
 186  1.49  0.00  2.00 
 187  1.84  0.00  2.00 
 188  1.66  0.00  2.00 
 189  0.91  0.00  2.00 
 190  1.38  0.00  2.00 
 191  1.03  0.00  2.00 
 192  1.32  0.00  2.00 
 193  2.05  0.00  2.00 
 194  2.09  0.00  2.05 
 195  1.54  0.00  2.09 
 196  1.71  0.00  2.09 
 197  1.65  0.00  2.09 
 198  1.53  0.00  2.09 
 199  1.52  0.00  2.09 
 200  1.91  0.00  2.09 
 201  1.64  0.00  2.09 
 202  1.95  0.00  2.09 
 203  2.15  0.00  2.09 
 204  1.90  0.00  2.15 
 205  1.93  0.00  2.15 
 206  2.56  0.00  2.15 
 207  1.96  0.00  2.56 
 208  2.56  0.00  2.56 
 209  2.16  0.00  2.56 
 210  1.90  0.00  2.56 
 211  2.29  0.00  2.56 
 212  2.12  0.00  2.56 
 213  2.26  0.00  2.56 
 214  2.07  0.00  2.56 
 215  2.39  0.00  2.56 
 216  2.39  0.00  2.56 
 217  2.23  0.00  2.56 
 218  2.36  0.00  2.56 
 219  2.21  0.00  2.56 
 220  2.08  0.00  2.56 
 221  2.33  0.00  2.56 
 222  1.90  0.00  2.56 
 223  2.23  0.00  2.56 
 224  2.25  0.00  2.56 
 225  2.49  0.00  2.56 
 226  2.83  0.00  2.56 
 227  2.48  0.00  2.83 
 228  2.10  0.00  2.83 
 229  1.98  0.00  2.83 
 230  2.27  0.00  2.83 
 231  2.75  0.00  2.83 
 232  2.01  0.00  2.83 
 233  2.31  0.00  2.83 
 234  1.63  0.00  2.83 
 235  2.43  0.00  2.83 
 236  2.13  0.00  2.83 
 237  2.26  0.00  2.83 
 238  2.65  0.00  2.83 
 239  2.51  0.00  2.83 
 240  2.53  0.00  2.83 
 241  2.30  0.00  2.83 
 242  2.58  0.00  2.83 
 243  1.92  0.00  2.83 
 244  2.25  0.00  2.83 
 245  2.57  0.00  2.83 
 246  2.30  0.00  2.83 
 247  2.52  0.00  2.83 
 248  1.91  0.00  2.83 
 249  2.80  0.00  2.83 
 250  2.40  0.00  2.83 
 251  2.49  0.00  2.83 
 252  3.08  0.00  2.83 
 253  2.53  0.00  3.08 
 254  2.75  0.00  3.08 
 255  2.19  0.00  3.08 
 256  2.69  0.00  3.08 
 257  2.28  0.00  3.08 
 258  2.52  0.00  3.08 
 259  2.84  0.00  3.08 
 260  2.56  0.00  3.08 
 261  2.51  0.00  3.08 
 262  2.76  0.00  3.08 
 263  2.31  0.00  3.08 
 264  3.04  0.00  3.08 
 265  2.90  0.00  3.08 
 266  2.70  0.00  3.08 
 267  2.53  0.00  3.08 
 268  2.67  0.00  3.08 
 269  2.88  0.00  3.08 
 270  3.17  0.00  3.08 
 271  3.03  0.00  3.17 
 272  2.49  0.00  3.17 
 273  3.19  0.00  3.17 
 274  2.65  0.00  3.19 
 275  2.92  0.00  3.19 
 276  3.19  0.00  3.19 
 277  3.42  0.00  3.19 
 278  3.31  0.00  3.42 
 279  2.54  0.00  3.42 
 280  3.39  0.00  3.42 
 281  2.52  0.00  3.42 
 282  3.15  0.00  3.42 
 283  3.42  0.00  3.42 
 284  3.25  0.00  3.42 
 285  2.35  0.00  3.42 
 286  3.17  0.00  3.42 
 287  3.48  0.00  3.42 
 288  3.25  0.00  3.48 
 289  2.52  0.00  3.48 
 290  3.58  0.00  3.48 
 291  3.01  0.00  3.58 
 292  3.62  0.00  3.58 
 293  3.57  0.00  3.62 
 294  3.19  0.00  3.62 
 295  3.53  0.00  3.62 
 296  3.10  0.00  3.62 
 297  3.30  0.00  3.62 
 298  3.28  0.00  3.62 
 299  3.25  0.00  3.62 
 300  3.49  0.00  3.62 
 301  3.72  0.00  3.62 
 302  3.76  0.00  3.72 
 303  3.38  0.00  3.76 
 304  3.51  0.00  3.76 
 305  3.24  0.00  3.76 
 306  2.96  0.00  3.76 
 307  3.59  0.00  3.76 
 308  3.13  0.00  3.76 
 309  3.83  0.00  3.76 
 310  3.14  0.00  3.83 
 311  3.74  0.00  3.83 
 312  3.16  0.00  3.83 
 313  4.05  0.00  3.83 
 314  3.02  0.00  4.05 
 315  3.61  0.00  4.05 
 316  3.47  0.00  4.05 
 317  3.38  0.00  4.05 
 318  3.80  0.00  4.05 
 319  3.60  0.00  4.05 
 320  3.45  0.00  4.05 
 321  3.52  0.00  4.05 
 322  3.83  0.00  4.05 
 323  3.58  0.00  4.05 
 324  3.11  0.00  4.05 
 325  3.54  0.00  4.05 
 326  3.51  0.00  4.05 
 327  3.58  0.00  4.05 
 328  2.89  0.00  4.05 
 329  2.23  0.00  4.05 
 330  3.79  0.00  4.05 
 331  3.75  0.00  4.05 
 332  2.98  0.00  4.05 
 333  3.94  0.00  4.05 
 334  4.10  0.00  4.05 
 335  3.13  0.00  4.10 
 336  3.14  0.00  4.10 
 337  3.85  0.00  4.10 
 338  3.55  0.00  4.10 
 339  3.95  0.00  4.10 
 340  3.85  0.00  4.10 
 341  3.65  0.00  4.10 
 342  3.90  0.00  4.10 
 343  3.78  0.00  4.10 
 344  3.83  0.00  4.10 
 345  4.05  0.00  4.10 
 346  3.65  0.00  4.10 
 347  3.61  0.00  4.10 
 348  3.57  0.00  4.10 
 349  3.41  0.00  4.10 
 350  3.82  0.00  4.10 
 351  4.03  0.00  4.10 
 352  3.58  0.00  4.10 
 353  4.09  0.00  4.10 
 354  3.73  0.00  4.10 
 355  3.86  0.00  4.10 
 356  3.24  0.00  4.10 
 357  4.00  0.00  4.10 
 358  3.82  0.00  4.10 
 359  4.18  0.00  4.10 
 360  3.96  0.00  4.18 
 361  3.84  0.00  4.18 
 362  3.64  0.00  4.18 
 363  3.66  0.00  4.18 
 364  3.57  0.00  4.18 
 365  3.66  0.00  4.18 
 366  3.80  0.00  4.18 
 367  3.85  0.00  4.18 
 368  4.06  0.00  4.18 
 369  3.88  0.00  4.18 
 370  4.30  0.00  4.18 
 371  3.23  0.00  4.30 
 372  3.58  0.00  4.30 
 373  3.82  0.00  4.30 
 374  3.94  0.00  4.30 
 375  3.88  0.00  4.30 
 376  3.67  0.00  4.30 
 377  3.56  0.00  4.30 
 378  4.15  0.00  4.30 
 379  3.46  0.00  4.30 
 380  3.61  0.00  4.30 
 381  3.85  0.00  4.30 
 382  3.41  0.00  4.30 
 383  4.35  0.00  4.30 
 384  3.42  0.00  4.35 
 385  3.26  0.00  4.35 
 386  2.81  0.00  4.35 
 387  3.59  0.00  4.35 
 388  4.32  0.00  4.35 
 389  4.43  0.00  4.35 
 390  3.30  0.00  4.43 
 391  3.78  0.00  4.43 
 392  3.66  0.00  4.43 
 393  3.60  0.00  4.43 
 394  3.55  0.00  4.43 
 395  3.24  0.00  4.43 
 396  4.28  0.00  4.43 
 397  3.15  0.00  4.43 
 398  4.16  0.00  4.43 
 399  3.93  0.00  4.43 
 400  4.24  0.00  4.43 
 401  3.66  0.00  4.43 
 402  3.56  0.00  4.43 
 403  3.96  0.00  4.43 
 404  3.59  0.00  4.43 
 405  3.84  0.00  4.43 
 406  4.11  0.00  4.43 
 407  3.91  0.00  4.43 
 408  4.32  0.00  4.43 
 409  4.54  0.00  4.43 
 410  4.16  0.00  4.54 
 411  4.23  0.00  4.54 
 412  4.42  0.00  4.54 
 413  3.67  0.00  4.54 
 414  4.24  0.00  4.54 
 415  3.80  0.00  4.54 
 416  3.93  0.00  4.54 
 417  4.01  0.00  4.54 
 418  3.69  0.00  4.54 
 419  3.98  0.00  4.54 
 420  4.73  0.00  4.54 
 421  3.71  0.00  4.73 
 422  4.00  0.00  4.73 
 423  3.77  0.00  4.73 
 424  3.75  0.00  4.73 
 425  4.26  0.00  4.73 
 426  3.21  0.00  4.73 
 427  3.91  0.00  4.73 
 428  4.39  0.00  4.73 
 429  3.84  0.00  4.73 
 430  3.83  0.00  4.73 
 431  4.21  0.00  4.73 
 432  3.83  0.00  4.73 
 433  3.85  0.00  4.73 
 434  3.28  0.00  4.73 
 435  4.03  0.00  4.73 
 436  4.15  0.00  4.73 
 437  4.77  0.00  4.73 
 438  4.00  0.00  4.77 
 439  4.52  0.00  4.77 
 440  4.20  0.00  4.77 
 441  4.37  0.00  4.77 
 442  4.47  0.00  4.77 
 443  4.06  0.00  4.77 
 444  3.42  0.00  4.77 
 445  4.36  0.00  4.77 
 446  4.61  0.00  4.77 
 447  4.52  0.00  4.77 
 448  3.91  0.00  4.77 
 449  3.89  0.00  4.77 
 450  3.73  0.00  4.77 
 451  3.92  0.00  4.77 
 452  3.77  0.00  4.77 
 453  4.57  0.00  4.77 
 454  3.80  0.00  4.77 
 455  3.95  0.00  4.77 
 456  4.60  0.00  4.77 
 457  4.41  0.00  4.77 
 458  4.65  0.00  4.77 
 459  3.87  0.00  4.77 
 460  4.60  0.00  4.77 
 461  4.17  0.00  4.77 
 462  4.26  0.00  4.77 
 463  4.53  0.00  4.77 
 464  4.21  0.00  4.77 
 465  4.12  0.00  4.77 
 466  4.80  0.00  4.77 
 467  3.73  0.00  4.80 
 468  3.56  0.00  4.80 
 469  4.60  0.00  4.80 
 470  3.58  0.00  4.80 
 471  4.45  0.00  4.80 
 472  4.51  0.00  4.80 
 473  4.02  0.00  4.80 
 474  3.60  0.00  4.80 
 475  4.52  0.00  4.80 
 476  4.10  0.00  4.80 
 477  5.17  0.00  4.80 
 478  4.70  0.00  5.17 
 479  3.59  0.00  5.17 
 480  3.95  0.00  5.17 
 481  3.91  0.00  5.17 
 482  3.39  0.00  5.17 
 483  4.32  0.00  5.17 
 484  3.52  0.00  5.17 
 485  4.38  0.00  5.17 
 486  3.85  0.00  5.17 
 487  4.08  0.00  5.17 
 488  4.72  0.00  5.17 
 489  4.55  0.00  5.17 
 490  4.18  0.00  5.17 
 491  3.52  0.00  5.17 
 492  3.85  0.00  5.17 
 493  3.67  0.00  5.17 
 494  4.48  0.00  5.17 
 495  4.27  0.00  5.17 
 496  5.25  0.00  5.17 
 497  4.10  0.00  5.25 
 498  4.03  0.00  5.25 
 499  5.16  0.00  5.25 
 500  4.68  0.00  5.25 
 501  4.09  0.00  5.25 
 502  4.57  0.00  5.25 
 503  4.69  0.00  5.25 
 504  5.00  0.00  5.25 
 505  4.11  0.00  5.25 
 506  5.23  0.00  5.25 
 507  4.80  0.00  5.25 
 508  4.69  0.00  5.25 
 509  5.25  0.00  5.25 
 510  3.63  0.00  5.25 
 511  4.30  0.00  5.25 
 512  4.34  0.00  5.25 
 513  4.78  0.00  5.25 
 514  4.07  0.00  5.25 
 515  4.51  0.00  5.25 
 516  5.05  0.00  5.25 
 517  3.93  0.00  5.25 
 518  4.76  0.00  5.25 
 519  4.06  0.00  5.25 
 520  4.55  0.00  5.25 
 521  3.80  0.00  5.25 
 522  4.05  0.00  5.25 
 523  4.30  0.00  5.25 
 524  4.86  0.00  5.25 
 525  4.17  0.00  5.25 
 526  5.15  0.00  5.25 
 527  4.07  0.00  5.25 
 528  4.32  0.00  5.25 
 529  4.81  0.00  5.25 
 530  4.40  0.00  5.25 
 531  5.18  0.00  5.25 
 532  3.98  0.00  5.25 
 533  4.92  0.00  5.25 
 534  4.78  0.00  5.25 
 535  4.50  0.00  5.25 
 536  4.91  0.00  5.25 
 537  5.02  0.00  5.25 
 538  4.05  0.00  5.25 
 539  4.94  0.00  5.25 
 540  3.65  0.00  5.25 
 541  4.68  0.00  5.25 
 542  4.24  0.00  5.25 
 543  5.14  0.00  5.25 
 544  4.96  0.00  5.25 
 545  4.43  0.00  5.25 
 546  4.40  0.00  5.25 
 547  4.81  0.00  5.25 
 548  5.48  0.00  5.25 
 549  4.32  0.00  5.48 
 550  4.95  0.00  5.48 
 551  4.48  0.00  5.48 
 552  4.43  0.00  5.48 
 553  4.79  0.00  5.48 
 554  5.40  0.00  5.48 
 555  4.95  0.00  5.48 
 556  4.90  0.00  5.48 
 557  4.71  0.00  5.48 
 558  3.98  0.00  5.48 
 559  3.81  0.00  5.48 
 560  3.78  0.00  5.48 
 561  3.55  0.00  5.48 
 562  4.04  0.00  5.48 
 563  4.47  0.00  5.48 
 564  4.04  0.00  5.48 
 565  3.73  0.00  5.48 
 566  3.75  0.00  5.48 
 567  4.34  0.00  5.48 
 568  5.01  0.00  5.48 
 569  4.10  0.00  5.48 
 570  3.18  0.00  5.48 
 571  4.47  0.00  5.48 
 572  5.00  0.00  5.48 
 573  4.59  0.00  5.48 
 574  4.09  0.00  5.48 
 575  4.21  0.00  5.48 
 576  3.92  0.00  5.48 
 577  4.30  0.00  5.48 
 578  4.39  0.00  5.48 
 579  3.73  0.00  5.48 
 580  4.56  0.00  5.48 
 581  5.53  0.00  5.48 
 582  4.69  0.00  5.53 
 583  4.36  0.00  5.53 
 584  4.10  0.00  5.53 
 585  4.49  0.00  5.53 
 586  4.51  0.00  5.53 
 587  5.18  0.00  5.53 
 588  4.58  0.00  5.53 
 589  4.50  0.00  5.53 
 590  3.60  0.00  5.53 
 591  4.78  0.00  5.53 
 592  4.97  0.00  5.53 
 593  4.58  0.00  5.53 
 594  4.84  0.00  5.53 
 595  4.90  0.00  5.53 
 596  4.92  0.00  5.53 
 597  4.43  0.00  5.53 
 598  4.30  0.00  5.53 
 599  4.59  0.00  5.53 
 600  5.15  0.00  5.53 
 601  4.76  0.00  5.53 
 602  4.72  0.00  5.53 
 603  4.13  0.00  5.53 
 604  5.29  0.00  5.53 
 605  5.11  0.00  5.53 
 606  5.20  0.00  5.53 
 607  4.77  0.00  5.53 
 608  4.90  0.00  5.53 
 609  3.64  0.00  5.53 
 610  4.45  0.00  5.53 
 611  4.60  0.00  5.53 
 612  5.27  0.00  5.53 
 613  5.27  0.00  5.53 
 614  4.08  0.00  5.53 
 615  5.27  0.00  5.53 
 616  4.11  0.00  5.53 
 617  4.38  0.00  5.53 
 618  4.29  0.00  5.53 
 619  4.88  0.00  5.53 
 620  4.93  0.00  5.53 
 621  4.90  0.00  5.53 
 622  4.72  0.00  5.53 
 623  4.00  0.00  5.53 
 624  5.28  0.00  5.53 
 625  4.91  0.00  5.53 
 626  4.97  0.00  5.53 
 627  4.72  0.00  5.53 
 628  4.10  0.00  5.53 
 629  4.69  0.00  5.53 
 630  4.42  0.00  5.53 
 631  4.68  0.00  5.53 
 632  5.11  0.00  5.53 
 633  3.88  0.00  5.53 
 634  4.68  0.00  5.53 
 635  4.25  0.00  5.53 
 636  4.38  0.00  5.53 
 637  4.68  0.00  5.53 
 638  4.65  0.00  5.53 
 639  4.98  0.00  5.53 
 640  5.04  0.00  5.53 
 641  4.17  0.00  5.53 
 642  5.12  0.00  5.53 
 643  3.02  0.00  5.53 
 644  4.65  0.00  5.53 
 645  3.41  0.00  5.53 
 646  4.00  0.00  5.53 
 647  4.49  0.00  5.53 
 648  3.75  0.00  5.53 
 649  4.58  0.00  5.53 
 650  4.83  0.00  5.53 
 651  4.78  0.00  5.53 
 652  5.41  0.00  5.53 
 653  4.07  0.00  5.53 
 654  4.29  0.00  5.53 
 655  5.13  0.00  5.53 
 656  3.60  0.00  5.53 
 657  5.30  0.00  5.53 
 658  3.64  0.00  5.53 
 659  4.70  0.00  5.53 
 660  3.63  0.00  5.53 
 661  5.06  0.00  5.53 
 662  4.22  0.00  5.53 
 663  3.77  0.00  5.53 
 664  4.49  0.00  5.53 
 665  5.53  0.00  5.53 
 666  5.07  0.00  5.53 
 667  4.75  0.00  5.53 
 668  5.07  0.00  5.53 
 669  5.15  0.00  5.53 
 670  4.11  0.00  5.53 
 671  4.59  0.00  5.53 
 672  4.56  0.00  5.53 
 673  4.30  0.00  5.53 
 674  4.14  0.00  5.53 
 675  4.25  0.00  5.53 
 676  5.37  0.00  5.53 
 677  3.91  0.00  5.53 
 678  4.85  0.00  5.53 
 679  4.92  0.00  5.53 
 680  4.73  0.00  5.53 
 681  4.85  0.00  5.53 
 682  4.89  0.00  5.53 
 683  3.72  0.00  5.53 
 684  3.69  0.00  5.53 
 685  4.24  0.00  5.53 
 686  4.21  0.00  5.53 
 687  4.46  0.00  5.53 
 688  4.75  0.00  5.53 
 689  4.82  0.00  5.53 
 690  4.39  0.00  5.53 
 691  5.03  0.00  5.53 
 692  3.46  0.00  5.53 
 693  5.92  0.00  5.53 
 694  4.34  0.00  5.92 
 695  4.54  0.00  5.92 
 696  3.97  0.00  5.92 
 697  4.54  0.00  5.92 
 698  4.81  0.00  5.92 
 699  4.51  0.00  5.92 
 700  4.80  0.00  5.92 
 701  4.71  0.00  5.92 
 702  3.68  0.00  5.92 
 703  5.17  0.00  5.92 
 704  3.94  0.00  5.92 
 705  3.42  0.00  5.92 
 706  4.75  0.00  5.92 
 707  4.51  0.00  5.92 
 708  3.79  0.00  5.92 
 709  4.74  0.00  5.92 
 710  4.83  0.00  5.92 
 711  4.66  0.00  5.92 
 712  5.68  0.00  5.92 
 713  4.86  0.00  5.92 
 714  4.93  0.00  5.92 
 715  3.93  0.00  5.92 
 716  4.56  0.00  5.92 
 717  4.19  0.00  5.92 
 718  4.90  0.00  5.92 
 719  4.53  0.00  5.92 
 720  3.40  0.00  5.92 
 721  4.91  0.00  5.92 
 722  4.38  0.00  5.92 
 723  4.59  0.00  5.92 
 724  3.44  0.00  5.92 
 725  4.42  0.00  5.92 
 726  4.75  0.00  5.92 
 727  4.18  0.00  5.92 
 728  3.59  0.00  5.92 
 729  3.74  0.00  5.92 
 730  3.17  0.00  5.92 
 731  3.89  0.00  5.92 
 732  5.02  0.00  5.92 
 733  5.50  0.00  5.92 
 734  4.24  0.00  5.92 
 735  3.36  0.00  5.92 
 736  2.61  0.00  5.92 
 737  3.72  0.00  5.92 
 738  4.18  0.00  5.92 
 739  2.78  0.00  5.92 
 740  3.56  0.00  5.92 
 741  4.75  0.00  5.92 
 742  3.13  0.00  5.92 
 743  3.59  0.00  5.92 
 744  4.76  0.00  5.92 
 745  3.83  0.00  5.92 
 746  3.97  0.00  5.92 
 747  4.24  0.00  5.92 
 748  3.47  0.00  5.92 
 749  4.45  0.00  5.92 
 750  4.23  0.00  5.92 
 751  3.66  0.00  5.92 
 752  3.17  0.00  5.92 
 753  4.27  0.00  5.92 
 754  3.76  0.00  5.92 
 755  3.51  0.00  5.92 
 756  3.12  0.00  5.92 
 757  4.07  0.00  5.92 
 758  3.58  0.00  5.92 
 759  4.27  0.00  5.92 
 760  3.94  0.00  5.92 
 761  4.43  0.00  5.92 
 762  3.38  0.00  5.92 
 763  4.41  0.00  5.92 
 764  4.43  0.00  5.92 
 765  4.20  0.00  5.92 
 766  3.83  0.00  5.92 
 767  3.19  0.00  5.92 
 768  3.22  0.00  5.92 
 769  3.90  0.00  5.92 
 770  4.55  0.00  5.92 
 771  4.06  0.00  5.92 
 772  4.38  0.00  5.92 
 773  4.10  0.00  5.92 
 774  3.63  0.00  5.92 
 775  3.98  0.00  5.92 
 776  4.72  0.00  5.92 
 777  4.86  0.00  5.92 
 778  4.87  0.00  5.92 
 779  4.62  0.00  5.92 
 780  4.53  0.00  5.92 
 781  5.12  0.00  5.92 
 782  5.34  0.00  5.92 
 783  5.01  0.00  5.92 
 784  3.12  0.00  5.92 
 785  4.10  0.00  5.92 
 786  3.96  0.00  5.92 
 787  4.39  0.00  5.92 
 788  4.31  0.00  5.92 
 789  5.04  0.00  5.92 
 790  4.05  0.00  5.92 
 791  3.88  0.00  5.92 
 792  5.05  0.00  5.92 
 793  3.27  0.00  5.92 
 794  3.63  0.00  5.92 
 795  3.06  0.00  5.92 
 796  4.03  0.00  5.92 
 797  2.97  0.00  5.92 
 798  4.06  0.00  5.92 
 799  4.06  0.00  5.92 
 800  4.95  0.00  5.92 
 801  3.69  0.00  5.92 
 802  3.44  0.00  5.92 
 803  4.63  0.00  5.92 
 804  4.67  0.00  5.92 
 805  4.03  0.00  5.92 
 806  4.29  0.00  5.92 
 807  3.79  0.00  5.92 
 808  4.49  0.00  5.92 
 809  4.26  0.00  5.92 
 810  4.95  0.00  5.92 
 811  4.51  0.00  5.92 
 812  4.05  0.00  5.92 
 813  4.40  0.00  5.92 
 814  4.86  0.00  5.92 
 815  4.11  0.00  5.92 
 816  4.04  0.00  5.92 
 817  5.13  0.00  5.92 
 818  4.30  0.00  5.92 
 819  4.55  0.00  5.92 
 820  5.06  0.00  5.92 
 821  4.76  0.00  5.92 
 822  4.54  0.00  5.92 
 823  4.62  0.00  5.92 
 824  4.17  0.00  5.92 
 825  4.90  0.00  5.92 
 826  4.12  0.00  5.92 
 827  3.62  0.00  5.92 
 828  4.94  0.00  5.92 
 829  4.63  0.00  5.92 
 830  5.12  0.00  5.92 
 831  4.16  0.00  5.92 
 832  4.94  0.00  5.92 
 833  4.96  0.00  5.92 
 834  4.64  0.00  5.92 
 835  4.35  0.00  5.92 
 836  4.93  0.00  5.92 
 837  3.20  0.00  5.92 
 838  3.83  0.00  5.92 
 839  4.21  0.00  5.92 
 840  4.72  0.00  5.92 
 841  4.78  0.00  5.92 
 842  5.17  0.00  5.92 
 843  4.53  0.00  5.92 
 844  4.50  0.00  5.92 
 845  4.22  0.00  5.92 
 846  4.89  0.00  5.92 
 847  5.01  0.00  5.92 
 848  4.51  0.00  5.92 
 849  5.00  0.00  5.92 
 850  4.44  0.00  5.92 
 851  3.77  0.00  5.92 
 852  5.03  0.00  5.92 
 853  5.21  0.00  5.92 
 854  4.38  0.00  5.92 
 855  5.08  0.00  5.92 
 856  4.66  0.00  5.92 
 857  5.58  0.00  5.92 
 858  5.45  0.00  5.92 
 859  4.71  0.00  5.92 
 860  4.58  0.00  5.92 
 861  4.91  0.00  5.92 
 862  4.94  0.00  5.92 
 863  4.83  0.00  5.92 
 864  4.85  0.00  5.92 
 865  3.59  0.00  5.92 
 866  4.63  0.00  5.92 
 867  4.33  0.00  5.92 
 868  2.99  0.00  5.92 
 869  4.55  0.00  5.92 
 870  4.98  0.00  5.92 
 871  5.33  0.00  5.92 
 872  4.84  0.00  5.92 
 873  4.42  0.00  5.92 
 874  4.97  0.00  5.92 
 875  4.08  0.00  5.92 
 876  4.24  0.00  5.92 
 877  4.51  0.00  5.92 
 878  4.85  0.00  5.92 
 879  3.82  0.00  5.92 
 880  4.38  0.00  5.92 
 881  4.97  0.00  5.92 
 882  4.64  0.00  5.92 
 883  4.15  0.00  5.92 
 884  5.07  0.00  5.92 
 885  4.16  0.00  5.92 
 886  4.64  0.00  5.92 
 887  4.77  0.00  5.92 
 888  4.92  0.00  5.92 
 889  4.95  0.00  5.92 
 890  4.38  0.00  5.92 
 891  4.58  0.00  5.92 
 892  5.46  0.00  5.92 
 893  5.30  0.00  5.92 
 894  4.75  0.00  5.92 
 895  3.98  0.00  5.92 
 896  4.58  0.00  5.92 
 897  3.81  0.00  5.92 
 898  5.42  0.00  5.92 
 899  4.74  0.00  5.92 
 900  4.16  0.00  5.92 
 901  4.51  0.00  5.92 
 902  4.85  0.00  5.92 
 903  3.83  0.00  5.92 
 904  4.70  0.00  5.92 
 905  3.63  0.00  5.92 
 906  4.37  0.00  5.92 
 907  4.19  0.00  5.92 
 908  4.28  0.00  5.92 
 909  4.86  0.00  5.92 
 910  4.82  0.00  5.92 
 911  4.60  0.00  5.92 
 912  4.28  0.00  5.92 
 913  4.11  0.00  5.92 
 914  5.23  0.00  5.92 
 915  4.81  0.00  5.92 
 916  4.88  0.00  5.92 
 917  3.15  0.00  5.92 
 918  4.11  0.00  5.92 
 919  4.53  0.00  5.92 
 920  4.07  0.00  5.92 
 921  3.36  0.00  5.92 
 922  3.86  0.00  5.92 
 923  4.67  0.00  5.92 
 924  3.49  0.00  5.92 
 925  3.32  0.00  5.92 
 926  3.95  0.00  5.92 
 927  5.49  0.00  5.92 
 928  4.81  0.00  5.92 
 929  4.15  0.00  5.92 
 930  4.42  0.00  5.92 
 931  3.64  0.00  5.92 
 932  5.63  0.00  5.92 
 933  4.92  0.00  5.92 
 934  5.11  0.00  5.92 
 935  4.07  0.00  5.92 
 936  3.66  0.00  5.92 
 937  4.76  0.00  5.92 
 938  4.56  0.00  5.92 
 939  4.98  0.00  5.92 
 940  3.28  0.00  5.92 
 941  4.15  0.00  5.92 
 942  5.07  0.00  5.92 
 943  4.15  0.00  5.92 
 944  4.92  0.00  5.92 
 945  3.76  0.00  5.92 
 946  4.15  0.00  5.92 
 947  5.25  0.00  5.92 
 948  5.12  0.00  5.92 
 949  5.65  0.00  5.92 
 950  4.68  0.00  5.92 
 951  4.03  0.00  5.92 
 952  4.60  0.00  5.92 
 953  5.39  0.00  5.92 
 954  3.52  0.00  5.92 
 955  4.04  0.00  5.92 
 956  4.28  0.00  5.92 
 957  3.63  0.00  5.92 
 958  5.10  0.00  5.92 
 959  4.99  0.00  5.92 
 960  4.32  0.00  5.92 
 961  5.79  0.00  5.92 
 962  4.70  0.00  5.92 
 963  4.74  0.00  5.92 
 964  5.14  0.00  5.92 
 965  5.26  0.00  5.92 
 966  4.85  0.00  5.92 
 967  4.73  0.00  5.92 
 968  5.18  0.00  5.92 
 969  4.98  0.00  5.92 
 970  5.35  0.00  5.92 
 971  4.17  0.00  5.92 
 972  4.68  0.00  5.92 
 973  4.54  0.00  5.92 
 974  4.92  0.00  5.92 
 975  5.11  0.00  5.92 
 976  4.09  0.00  5.92 
 977  3.55  0.00  5.92 
 978  4.31  0.00  5.92 
 979  4.94  0.00  5.92 
 980  4.63  0.00  5.92 
 981  5.84  0.00  5.92 
 982  5.86  0.00  5.92 
 983  5.45  0.00  5.92 
 984  5.40  0.00  5.92 
 985  4.83  0.00  5.92 
 986  4.88  0.00  5.92 
 987  3.91  0.00  5.92 
 988  4.56  0.00  5.92 
 989  3.75  0.00  5.92 
 990  4.82  0.00  5.92 
 991  4.49  0.00  5.92 
 992  4.73  0.00  5.92 
 993  5.56  0.00  5.92 
 994  4.29  0.00  5.92 
 995  4.11  0.00  5.92 
 996  4.05  0.00  5.92 
 997  5.76  0.00  5.92 
 998  5.64  0.00  5.92 
 999  3.84  0.00  5.92 
1000  3.97  0.00  5.92 
1001  5.31  0.00  5.92 
1002  4.62  0.00  5.92 
1003  4.50  0.00  5.92 
1004  3.69  0.00  5.92 
1005  2.52  0.00  5.92 
1006  4.08  0.00  5.92 
1007  4.19  0.00  5.92 
1008  4.30  0.00  5.92 
1009  4.56  0.00  5.92 
1010  4.23  0.00  5.92 
1011  5.06  0.00  5.92 
1012  4.85  0.00  5.92 
1013  4.69  0.00  5.92 
1014  4.18  0.00  5.92 
1015  4.54  0.00  5.92 
1016  4.63  0.00  5.92 
1017  4.59  0.00  5.92 
1018  4.58  0.00  5.92 
1019  5.65  0.00  5.92 
1020  3.27  0.00  5.92 
1021  3.61  0.00  5.92 
1022  5.16  0.00  5.92 
1023  4.78  0.00  5.92 
1024  4.63  0.00  5.92 
1025  4.07  0.00  5.92 
1026  4.84  0.00  5.92 
1027  4.84  0.00  5.92 
1028  5.47  0.00  5.92 
1029  5.50  0.00  5.92 
1030  4.10  0.00  5.92 
1031  4.73  0.00  5.92 
1032  3.98  0.00  5.92 
1033  4.40  0.00  5.92 
1034  5.24  0.00  5.92 
1035  4.65  0.00  5.92 
1036  4.25  0.00  5.92 
1037  4.67  0.00  5.92 
1038  4.82  0.00  5.92 
1039  4.64  0.00  5.92 
1040  4.58  0.00  5.92 
1041  3.96  0.00  5.92 
1042  5.07  0.00  5.92 
1043  4.44  0.00  5.92 
1044  4.11  0.00  5.92 
1045  4.19  0.00  5.92 
1046  4.36  0.00  5.92 
1047  5.55  0.00  5.92 
1048  3.77  0.00  5.92 
1049  5.11  0.00  5.92 
1050  4.67  0.00  5.92 
1051  4.86  0.00  5.92 
1052  4.73  0.00  5.92 
1053  4.09  0.00  5.92 
1054  4.93  0.00  5.92 
1055  5.17  0.00  5.92 
1056  4.23  0.00  5.92 
1057  4.34  0.00  5.92 
1058  5.01  0.00  5.92 
1059  5.06  0.00  5.92 
1060  4.84  0.00  5.92 
1061  4.57  0.00  5.92 
1062  5.06  0.00  5.92 
1063  4.11  0.00  5.92 
1064  4.80  0.00  5.92 
1065  4.16  0.00  5.92 
1066  4.49  0.00  5.92 
1067  4.55  0.00  5.92 
1068  4.92  0.00  5.92 
1069  4.74  0.00  5.92 
1070  3.99  0.00  5.92 
1071  4.39  0.00  5.92 
1072  4.91  0.00  5.92 
1073  4.52  0.00  5.92 
1074  4.95  0.00  5.92 
1075  4.36  0.00  5.92 
1076  2.53  0.00  5.92 
1077  3.95  0.00  5.92 
1078  4.16  0.00  5.92 
1079  4.40  0.00  5.92 
1080  4.73  0.00  5.92 
1081  3.99  0.00  5.92 
1082  4.87  0.00  5.92 
1083  4.16  0.00  5.92 
1084  4.68  0.00  5.92 
1085  5.52  0.00  5.92 
1086  5.59  0.00  5.92 
1087  4.88  0.00  5.92 
1088  5.23  0.00  5.92 
1089  4.45  0.00  5.92 
1090  6.11  0.00  5.92 
1091  2.56  0.00  6.11 
1092  3.73  0.00  6.11 
1093  4.41  0.00  6.11 
1094  4.33  0.00  6.11 
1095  4.42  0.00  6.11 
1096  5.74  0.00  6.11 
1097  4.25  0.00  6.11 
1098  4.04  0.00  6.11 
1099  3.82  0.00  6.11 
1100  4.78  0.00  6.11 
1101  5.64  0.00  6.11 
1102  4.33  0.00  6.11 
1103  4.33  0.00  6.11 
1104  5.08  0.00  6.11 
1105  4.43  0.00  6.11 
1106  4.84  0.00  6.11 
1107  4.31  0.00  6.11 
1108  4.83  0.00  6.11 
1109  4.82  0.00  6.11 
1110  4.43  0.00  6.11 
1111  4.33  0.00  6.11 
1112  2.72  0.00  6.11 
1113  4.77  0.00  6.11 
1114  4.00  0.00  6.11 
1115  5.46  0.00  6.11 
1116  5.46  0.00  6.11 
1117  5.39  0.00  6.11 
1118  5.07  0.00  6.11 
1119  4.10  0.00  6.11 
1120  5.24  0.00  6.11 
1121  6.02  0.00  6.11 
1122  4.03  0.00  6.11 
1123  5.90  0.00  6.11 
1124  5.22  0.00  6.11 
1125  3.94  0.00  6.11 
1126  5.44  0.00  6.11 
1127  5.75  0.00  6.11 
1128  4.42  0.00  6.11 
1129  5.47  0.00  6.11 
1130  4.84  0.00  6.11 
1131  5.39  0.00  6.11 
1132  4.54  0.00  6.11 
1133  5.39  0.00  6.11 
1134  5.91  0.00  6.11 
1135  5.31  0.00  6.11 
1136  4.83  0.00  6.11 
1137  3.83  0.00  6.11 
1138  5.15  0.00  6.11 
1139  5.00  0.00  6.11 
1140  2.96  0.00  6.11 
1141  5.12  0.00  6.11 
1142  4.85  0.00  6.11 
1143  4.80  0.00  6.11 
1144  6.08  0.00  6.11 
1145  5.11  0.00  6.11 
1146  4.68  0.00  6.11 
1147  4.85  0.00  6.11 
1148  4.72  0.00  6.11 
1149  2.78  0.00  6.11 
1150  5.61  0.00  6.11 
1151  5.55  0.00  6.11 
1152  3.39  0.00  6.11 
1153  5.42  0.00  6.11 
1154  5.74  0.00  6.11 
1155  4.84  0.00  6.11 
1156  4.94  0.00  6.11 
1157  4.83  0.00  6.11 
1158  4.56  0.00  6.11 
1159  4.98  0.00  6.11 
1160  5.85  0.00  6.11 
1161  6.36  0.00  6.11 
1162  4.03  0.00  6.36 
1163  5.41  0.00  6.36 
1164  5.96  0.00  6.36 
1165  5.27  0.00  6.36 
1166  4.43  0.00  6.36 
1167  5.14  0.00  6.36 
1168  5.79  0.00  6.36 
1169  5.73  0.00  6.36 
1170  4.10  0.00  6.36 
1171  5.45  0.00  6.36 
1172  4.81  0.00  6.36 
1173  5.80  0.00  6.36 
1174  5.55  0.00  6.36 
1175  5.71  0.00  6.36 
1176  5.24  0.00  6.36 
1177  5.97  0.00  6.36 
1178  4.65  0.00  6.36 
1179  6.13  0.00  6.36 
1180  4.20  0.00  6.36 
1181  6.53  0.00  6.36 
1182  6.03  0.00  6.53 
1183  5.22  0.00  6.53 
1184  4.12  0.00  6.53 
1185  3.14  0.00  6.53 
1186  6.10  0.00  6.53 
1187  5.82  0.00  6.53 
1188  5.65  0.00  6.53 
1189  4.16  0.00  6.53 
1190  5.08  0.00  6.53 
1191  5.99  0.00  6.53 
1192  4.98  0.00  6.53 
1193  5.69  0.00  6.53 
1194  6.33  0.00  6.53 
1195  5.80  0.00  6.53 
1196  4.97  0.00  6.53 
1197  5.57  0.00  6.53 
1198  4.64  0.00  6.53 
1199  6.41  0.00  6.53 
1200  4.53  0.00  6.53 
1201  5.74  0.00  6.53 
1202  4.78  0.00  6.53 
1203  4.43  0.00  6.53 
1204  5.93  0.00  6.53 
1205  4.35  0.00  6.53 
1206  5.32  0.00  6.53 
1207  4.23  0.00  6.53 
1208  4.76  0.00  6.53 
1209  4.67  0.00  6.53 
1210  5.65  0.00  6.53 
1211  4.82  0.00  6.53 
1212  4.96  0.00  6.53 
1213  3.38  0.00  6.53 
1214  5.24  0.00  6.53 
1215  5.09  0.00  6.53 
1216  4.52  0.00  6.53 
1217  5.43  0.00  6.53 
1218  4.09  0.00  6.53 
1219  4.50  0.00  6.53 
1220  5.11  0.00  6.53 
1221  5.07  0.00  6.53 
1222  5.09  0.00  6.53 
1223  4.74  0.00  6.53 
1224  4.99  0.00  6.53 
1225  4.51  0.00  6.53 
1226  5.01  0.00  6.53 
1227  4.61  0.00  6.53 
1228  5.26  0.00  6.53 
1229  5.11  0.00  6.53 
1230  5.18  0.00  6.53 
1231  4.16  0.00  6.53 
1232  4.01  0.00  6.53 
1233  4.22  0.00  6.53 
1234  4.27  0.00  6.53 
1235  4.18  0.00  6.53 
1236  5.02  0.00  6.53 
1237  5.59  0.00  6.53 
1238  4.94  0.00  6.53 
1239  5.09  0.00  6.53 
1240  5.34  0.00  6.53 
1241  5.94  0.00  6.53 
1242  4.58  0.00  6.53 
1243  5.55  0.00  6.53 
1244  3.95  0.00  6.53 
1245  5.27  0.00  6.53 
1246  4.97  0.00  6.53 
1247  4.96  0.00  6.53 
1248  3.99  0.00  6.53 
1249  5.23  0.00  6.53 
1250  5.01  0.00  6.53 
1251  5.63  0.00  6.53 
1252  4.12  0.00  6.53 
1253  4.05  0.00  6.53 
1254  5.92  0.00  6.53 
1255  6.35  0.00  6.53 
1256  3.88  0.00  6.53 
1257  4.81  0.00  6.53 
1258  5.57  0.00  6.53 
1259  5.32  0.00  6.53 
1260  4.93  0.00  6.53 
1261  5.89  0.00  6.53 
1262  4.59  0.00  6.53 
1263  4.57  0.00  6.53 
1264  5.92  0.00  6.53 
1265  5.43  0.00  6.53 
1266  5.26  0.00  6.53 
1267  4.64  0.00  6.53 
1268  5.24  0.00  6.53 
1269  6.09  0.00  6.53 
1270  4.40  0.00  6.53 
1271  5.52  0.00  6.53 
1272  3.74  0.00  6.53 
1273  4.70  0.00  6.53 
1274  5.04  0.00  6.53 
1275  5.59  0.00  6.53 
1276  5.47  0.00  6.53 
1277  5.99  0.00  6.53 
1278  4.97  0.00  6.53 
1279  6.07  0.00  6.53 
1280  4.99  0.00  6.53 
1281  5.04  0.00  6.53 
1282  3.65  0.00  6.53 
1283  5.05  0.00  6.53 
1284  6.02  0.00  6.53 
1285  4.94  0.00  6.53 
1286  5.56  0.00  6.53 
1287  4.13  0.00  6.53 
1288  4.97  0.00  6.53 
1289  5.54  0.00  6.53 
1290  4.46  0.00  6.53 
1291  5.09  0.00  6.53 
1292  5.65  0.00  6.53 
1293  5.11  0.00  6.53 
1294  5.25  0.00  6.53 
1295  4.98  0.00  6.53 
1296  5.23  0.00  6.53 
1297  5.07  0.00  6.53 
1298  5.11  0.00  6.53 
1299  6.11  0.00  6.53 
1300  6.00  0.00  6.53 
1301  4.89  0.00  6.53 
1302  5.89  0.00  6.53 
1303  5.81  0.00  6.53 
1304  5.36  0.00  6.53 
1305  5.67  0.00  6.53 
1306  4.54  0.00  6.53 
1307  6.14  0.00  6.53 
1308  5.68  0.00  6.53 
1309  4.04  0.00  6.53 
1310  4.33  0.00  6.53 
1311  3.52  0.00  6.53 
1312  5.42  0.00  6.53 
1313  5.31  0.00  6.53 
1314  5.30  0.00  6.53 
1315  4.38  0.00  6.53 
1316  3.81  0.00  6.53 
1317  4.87  0.00  6.53 
1318  3.71  0.00  6.53 
1319  4.55  0.00  6.53 
1320  5.02  0.00  6.53 
1321  4.87  0.00  6.53 
1322  6.50  0.00  6.53 
1323  5.66  0.00  6.53 
1324  6.76  0.00  6.53 
1325  4.95  0.00  6.76 
1326  6.14  0.00  6.76 
1327  5.65  0.00  6.76 
1328  5.67  0.00  6.76 
1329  6.76  0.00  6.76 
1330  4.66  0.00  6.76 
1331  5.24  0.00  6.76 
1332  5.75  0.00  6.76 
1333  4.44  0.00  6.76 
1334  5.58  0.00  6.76 
1335  6.08  0.00  6.76 
1336  5.83  0.00  6.76 
1337  5.78  0.00  6.76 
1338  6.31  0.00  6.76 
1339  6.01  0.00  6.76 
1340  4.98  0.00  6.76 
1341  4.86  0.00  6.76 
1342  4.82  0.00  6.76 
1343  5.72  0.00  6.76 
1344  5.01  0.00  6.76 
1345  5.03  0.00  6.76 
1346  5.06  0.00  6.76 
1347  5.95  0.00  6.76 
1348  4.88  0.00  6.76 
1349  5.05  0.00  6.76 
1350  5.74  0.00  6.76 
1351  5.42  0.00  6.76 
1352  4.66  0.00  6.76 
1353  4.17  0.00  6.76 
1354  6.24  0.00  6.76 
1355  5.67  0.00  6.76 
1356  6.32  0.00  6.76 
1357  5.66  0.00  6.76 
1358  5.98  0.00  6.76 
1359  5.94  0.00  6.76 
1360  5.97  0.00  6.76 
1361  4.54  0.00  6.76 
1362  5.63  0.00  6.76 
1363  6.13  0.00  6.76 
1364  5.85  0.00  6.76 
1365  6.45  0.00  6.76 
1366  5.39  0.00  6.76 
1367  5.64  0.00  6.76 
1368  5.73  0.00  6.76 
1369  5.64  0.00  6.76 
1370  4.44  0.00  6.76 
1371  5.79  0.00  6.76 
1372  5.36  0.00  6.76 
1373  5.94  0.00  6.76 
1374  5.06  0.00  6.76 
1375  5.67  0.00  6.76 
1376  5.08  0.00  6.76 
1377  4.96  0.00  6.76 
1378  5.52  0.00  6.76 
1379  2.92  0.00  6.76 
1380  4.53  0.00  6.76 
1381  6.06  0.00  6.76 
1382  4.57  0.00  6.76 
1383  5.12  0.00  6.76 
1384  6.02  0.00  6.76 
1385  4.72  0.00  6.76 
1386  3.86  0.00  6.76 
1387  4.88  0.00  6.76 
1388  5.70  0.00  6.76 
1389  5.72  0.00  6.76 
1390  5.21  0.00  6.76 
1391  5.30  0.00  6.76 
1392  5.43  0.00  6.76 
1393  5.55  0.00  6.76 
1394  4.64  0.00  6.76 
1395  5.62  0.00  6.76 
1396  6.13  0.00  6.76 
1397  5.10  0.00  6.76 
1398  5.54  0.00  6.76 
1399  5.91  0.00  6.76 
1400  6.20  0.00  6.76 
1401  6.07  0.00  6.76 
1402  6.56  0.00  6.76 
1403  4.77  0.00  6.76 
1404  5.45  0.00  6.76 
1405  5.96  0.00  6.76 
1406  5.96  0.00  6.76 
1407  5.67  0.00  6.76 
1408  5.63  0.00  6.76 
1409  3.24  0.00  6.76 
1410  6.58  0.00  6.76 
1411  5.90  0.00  6.76 
1412  5.75  0.00  6.76 
1413  6.07  0.00  6.76 
1414  6.34  0.00  6.76 
1415  5.26  0.00  6.76 
1416  5.79  0.00  6.76 
1417  4.94  0.00  6.76 
1418  5.28  0.00  6.76 
1419  5.86  0.00  6.76 
1420  4.32  0.00  6.76 
1421  5.29  0.00  6.76 
1422  3.89  0.00  6.76 
1423  6.28  0.00  6.76 
1424  4.12  0.00  6.76 
1425  5.22  0.00  6.76 
1426  6.29  0.00  6.76 
1427  5.10  0.00  6.76 
1428  4.75  0.00  6.76 
1429  5.49  0.00  6.76 
1430  4.98  0.00  6.76 
1431  5.49  0.00  6.76 
1432  5.07  0.00  6.76 
1433  5.15  0.00  6.76 
1434  5.46  0.00  6.76 
1435  4.95  0.00  6.76 
1436  5.22  0.00  6.76 
1437  5.12  0.00  6.76 
1438  6.50  0.00  6.76 
1439  3.95  0.00  6.76 
1440  5.34  0.00  6.76 
1441  5.14  0.00  6.76 
1442  6.56  0.00  6.76 
1443  6.12  0.00  6.76 
1444  6.16  0.00  6.76 
1445  6.48  0.00  6.76 
1446  4.49  0.00  6.76 
1447  5.84  0.00  6.76 
1448  5.45  0.00  6.76 
1449  4.35  0.00  6.76 
1450  6.20  0.00  6.76 
1451  6.36  0.00  6.76 
1452  5.27  0.00  6.76 
1453  5.82  0.00  6.76 
1454  5.08  0.00  6.76 
1455  5.38  0.00  6.76 
1456  5.96  0.00  6.76 
1457  5.90  0.00  6.76 
1458  5.11  0.00  6.76 
1459  4.32  0.00  6.76 
1460  5.11  0.00  6.76 
1461  4.78  0.00  6.76 
1462  6.57  0.00  6.76 
1463  5.44  0.00  6.76 
1464  6.44  0.00  6.76 
1465  6.92  0.00  6.76 
1466  5.99  0.00  6.92 
1467  6.35  0.00  6.92 
1468  6.13  0.00  6.92 
1469  5.32  0.00  6.92 
1470  6.91  0.00  6.92 
1471  6.87  0.00  6.92 
1472  6.36  0.00  6.92 
1473  6.23  0.00  6.92 
1474  5.65  0.00  6.92 
1475  6.14  0.00  6.92 
1476  5.57  0.00  6.92 
1477  6.61  0.00  6.92 
1478  4.94  0.00  6.92 
1479  6.09  0.00  6.92 
1480  6.09  0.00  6.92 
1481  6.27  0.00  6.92 
1482  5.36  0.00  6.92 
1483  6.54  0.00  6.92 
1484  6.66  0.00  6.92 
1485  6.34  0.00  6.92 
1486  6.95  0.00  6.92 
1487  5.07  0.00  6.95 
1488  5.26  0.00  6.95 
1489  5.75  0.00  6.95 
1490  5.18  0.00  6.95 
1491  5.24  0.00  6.95 
1492  6.59  0.00  6.95 
1493  6.65  0.00  6.95 
1494  6.32  0.00  6.95 
1495  6.68  0.00  6.95 
1496  5.38  0.00  6.95 
1497  5.84  0.00  6.95 
1498  5.86  0.00  6.95 
1499  7.13  0.00  6.95 
1500  7.16  0.00  7.13 
1501  5.66  0.00  7.16 
1502  5.86  0.00  7.16 
1503  6.31  0.00  7.16 
1504  6.50  0.00  7.16 
1505  6.28  0.00  7.16 
1506  6.25  0.00  7.16 
1507  5.74  0.00  7.16 
1508  6.39  0.00  7.16 
1509  6.65  0.00  7.16 
1510  5.88  0.00  7.16 
1511  7.60  0.00  7.16 
1512  6.08  0.00  7.60 
1513  5.49  0.00  7.60 
1514  6.77  0.00  7.60 
1515  6.84  0.00  7.60 
1516  5.96  0.00  7.60 
1517  7.32  0.00  7.60 
1518  6.22  0.00  7.60 
1519  5.74  0.00  7.60 
1520  6.58  0.00  7.60 
1521  6.23  0.00  7.60 
1522  5.07  0.00  7.60 
1523  4.45  0.00  7.60 
1524  5.20  0.00  7.60 
1525  4.40  0.00  7.60 
1526  6.10  0.00  7.60 
1527  6.90  0.00  7.60 
1528  6.00  0.00  7.60 
1529  5.27  0.00  7.60 
1530  5.78  0.00  7.60 
1531  5.42  0.00  7.60 
1532  6.11  0.00  7.60 
1533  6.08  0.00  7.60 
1534  5.33  0.00  7.60 
1535  6.25  0.00  7.60 
1536  4.53  0.00  7.60 
1537  6.23  0.00  7.60 
1538  5.74  0.00  7.60 
1539  5.55  0.00  7.60 
1540  4.95  0.00  7.60 
1541  6.77  0.00  7.60 
1542  5.01  0.00  7.60 
1543  6.11  0.00  7.60 
1544  6.28  0.00  7.60 
1545  5.84  0.00  7.60 
1546  5.43  0.00  7.60 
1547  4.81  0.00  7.60 
1548  5.29  0.00  7.60 
1549  6.23  0.00  7.60 
1550  6.65  0.00  7.60 
1551  5.27  0.00  7.60 
1552  5.26  0.00  7.60 
1553  5.79  0.00  7.60 
1554  5.55  0.00  7.60 
1555  4.36  0.00  7.60 
1556  5.97  0.00  7.60 
1557  6.04  0.00  7.60 
1558  4.98  0.00  7.60 
1559  7.47  0.00  7.60 
1560  6.00  0.00  7.60 
1561  5.50  0.00  7.60 
1562  5.40  0.00  7.60 
1563  5.90  0.00  7.60 
1564  5.41  0.00  7.60 
1565  6.58  0.00  7.60 
1566  6.65  0.00  7.60 
1567  6.67  0.00  7.60 
1568  5.03  0.00  7.60 
1569  5.68  0.00  7.60 
1570  4.64  0.00  7.60 
1571  5.99  0.00  7.60 
1572  6.25  0.00  7.60 
1573  5.65  0.00  7.60 
1574  5.79  0.00  7.60 
1575  5.92  0.00  7.60 
1576  6.56  0.00  7.60 
1577  6.86  0.00  7.60 
1578  6.30  0.00  7.60 
1579  5.55  0.00  7.60 
1580  6.26  0.00  7.60 
1581  5.65  0.00  7.60 
1582  6.70  0.00  7.60 
1583  4.89  0.00  7.60 
1584  5.34  0.00  7.60 
1585  5.63  0.00  7.60 
1586  6.92  0.00  7.60 
1587  5.13  0.00  7.60 
1588  5.62  0.00  7.60 
1589  5.87  0.00  7.60 
1590  5.87  0.00  7.60 
1591  5.65  0.00  7.60 
1592  5.79  0.00  7.60 
1593  6.33  0.00  7.60 
1594  6.09  0.00  7.60 
1595  6.08  0.00  7.60 
1596  5.26  0.00  7.60 
1597  6.61  0.00  7.60 
1598  5.68  0.00  7.60 
1599  4.56  0.00  7.60 
1600  7.14  0.00  7.60 
1601  5.27  0.00  7.60 
1602  5.23  0.00  7.60 
1603  5.48  0.00  7.60 
1604  5.59  0.00  7.60 
1605  6.07  0.00  7.60 
1606  6.46  0.00  7.60 
1607  7.01  0.00  7.60 
1608  6.74  0.00  7.60 
1609  6.41  0.00  7.60 
1610  6.16  0.00  7.60 
1611  4.72  0.00  7.60 
1612  6.00  0.00  7.60 
1613  5.37  0.00  7.60 
1614  5.06  0.00  7.60 
1615  4.91  0.00  7.60 
1616  6.93  0.00  7.60 
1617  4.59  0.00  7.60 
1618  6.51  0.00  7.60 
1619  5.26  0.00  7.60 
1620  5.36  0.00  7.60 
1621  5.13  0.00  7.60 
1622  5.80  0.00  7.60 
1623  4.61  0.00  7.60 
1624  6.73  0.00  7.60 
1625  6.43  0.00  7.60 
1626  6.18  0.00  7.60 
1627  6.25  0.00  7.60 
1628  5.98  0.00  7.60 
1629  4.99  0.00  7.60 
1630  6.91  0.00  7.60 
1631  6.09  0.00  7.60 
1632  5.23  0.00  7.60 
1633  6.72  0.00  7.60 
1634  5.53  0.00  7.60 
1635  5.97  0.00  7.60 
1636  5.63  0.00  7.60 
1637  3.92  0.00  7.60 
1638  5.97  0.00  7.60 
1639  5.66  0.00  7.60 
1640  5.44  0.00  7.60 
1641  5.65  0.00  7.60 
1642  5.59  0.00  7.60 
1643  6.55  0.00  7.60 
1644  5.36  0.00  7.60 
1645  7.24  0.00  7.60 
1646  6.55  0.00  7.60 
1647  6.37  0.00  7.60 
1648  5.36  0.00  7.60 
1649  5.25  0.00  7.60 
1650  6.11  0.00  7.60 
1651  5.79  0.00  7.60 
1652  5.90  0.00  7.60 
1653  5.45  0.00  7.60 
1654  6.33  0.00  7.60 
1655  5.45  0.00  7.60 
1656  5.21  0.00  7.60 
1657  5.22  0.00  7.60 
1658  5.30  0.00  7.60 
1659  4.37  0.00  7.60 
1660  4.51  0.00  7.60 
1661  5.79  0.00  7.60 
1662  5.05  0.00  7.60 
1663  5.79  0.00  7.60 
1664  7.38  0.00  7.60 
1665  4.30  0.00  7.60 
1666  4.59  0.00  7.60 
1667  4.54  0.00  7.60 
1668  5.48  0.00  7.60 
1669  5.58  0.00  7.60 
1670  5.21  0.00  7.60 
1671  5.82  0.00  7.60 
1672  5.10  0.00  7.60 
1673  5.90  0.00  7.60 
1674  6.25  0.00  7.60 
1675  5.94  0.00  7.60 
1676  6.11  0.00  7.60 
1677  6.86  0.00  7.60 
1678  6.20  0.00  7.60 
1679  6.75  0.00  7.60 
1680  6.32  0.00  7.60 
1681  5.23  0.00  7.60 
1682  5.69  0.00  7.60 
1683  6.29  0.00  7.60 
1684  5.14  0.00  7.60 
1685  4.25  0.00  7.60 
1686  5.84  0.00  7.60 
1687  5.48  0.00  7.60 
1688  5.43  0.00  7.60 
1689  4.48  0.00  7.60 
1690  4.46  0.00  7.60 
1691  4.40  0.00  7.60 
1692  6.58  0.00  7.60 
1693  3.40  0.00  7.60 
1694  5.95  0.00  7.60 
1695  6.00  0.00  7.60 
1696  6.77  0.00  7.60 
1697  5.33  0.00  7.60 
1698  5.45  0.00  7.60 
1699  4.50  0.00  7.60 
1700  4.58  0.00  7.60 
1701  4.98  0.00  7.60 
1702  4.79  0.00  7.60 
1703  6.29  0.00  7.60 
1704  5.39  0.00  7.60 
1705  4.72  0.00  7.60 
1706  4.96  0.00  7.60 
1707  4.90  0.00  7.60 
1708  3.93  0.00  7.60 
1709  5.49  0.00  7.60 
1710  5.25  0.00  7.60 
1711  6.01  0.00  7.60 
1712  6.71  0.00  7.60 
1713  6.18  0.00  7.60 
1714  5.88  0.00  7.60 
1715  5.27  0.00  7.60 
1716  5.19  0.00  7.60 
1717  5.84  0.00  7.60 
1718  7.00  0.00  7.60 
1719  4.84  0.00  7.60 
1720  5.26  0.00  7.60 
1721  6.02  0.00  7.60 
1722  7.31  0.00  7.60 
1723  5.78  0.00  7.60 
1724  5.99  0.00  7.60 
1725  5.50  0.00  7.60 
1726  5.03  0.00  7.60 
1727  5.58  0.00  7.60 
1728  6.19  0.00  7.60 
1729  5.14  0.00  7.60 
1730  5.48  0.00  7.60 
1731  5.45  0.00  7.60 
1732  5.26  0.00  7.60 
1733  6.01  0.00  7.60 
1734  8.15  0.00  7.60 
1735  6.26  0.00  8.15 
1736  5.56  0.00  8.15 
1737  5.34  0.00  8.15 
1738  6.23  0.00  8.15 
1739  6.10  0.00  8.15 
1740  6.93  0.00  8.15 
1741  7.47  0.00  8.15 
1742  6.31  0.00  8.15 
1743  5.22  0.00  8.15 
1744  7.51  0.00  8.15 
1745  7.68  0.00  8.15 
1746  4.34  0.00  8.15 
1747  6.13  0.00  8.15 
1748  6.79  0.00  8.15 
1749  5.65  0.00  8.15 
1750  4.61  0.00  8.15 
1751  5.63  0.00  8.15 
1752  5.45  0.00  8.15 
1753  6.10  0.00  8.15 
1754  6.03  0.00  8.15 
1755  6.64  0.00  8.15 
1756  6.51  0.00  8.15 
1757  5.68  0.00  8.15 
1758  5.60  0.00  8.15 
1759  7.07  0.00  8.15 
1760  6.32  0.00  8.15 
1761  6.42  0.00  8.15 
1762  6.26  0.00  8.15 
1763  6.79  0.00  8.15 
1764  5.54  0.00  8.15 
1765  5.03  0.00  8.15 
1766  5.62  0.00  8.15 
1767  4.88  0.00  8.15 
1768  6.67  0.00  8.15 
1769  6.56  0.00  8.15 
1770  5.68  0.00  8.15 
1771  5.74  0.00  8.15 
1772  6.62  0.00  8.15 
1773  6.00  0.00  8.15 
1774  5.55  0.00  8.15 
1775  5.48  0.00  8.15 
1776  6.47  0.00  8.15 
1777  6.05  0.00  8.15 
1778  6.04  0.00  8.15 
1779  7.14  0.00  8.15 
1780  4.77  0.00  8.15 
1781  5.94  0.00  8.15 
1782  5.53  0.00  8.15 
1783  6.00  0.00  8.15 
1784  6.88  0.00  8.15 
1785  6.44  0.00  8.15 
1786  6.27  0.00  8.15 
1787  6.06  0.00  8.15 
1788  5.92  0.00  8.15 
1789  7.14  0.00  8.15 
1790  4.91  0.00  8.15 
1791  6.93  0.00  8.15 
1792  7.43  0.00  8.15 
1793  5.65  0.00  8.15 
1794  6.80  0.00  8.15 
1795  5.60  0.00  8.15 
1796  5.51  0.00  8.15 
1797  5.49  0.00  8.15 
1798  7.13  0.00  8.15 
1799  6.39  0.00  8.15 
1800  5.18  0.00  8.15 
1801  5.97  0.00  8.15 
1802  6.01  0.00  8.15 
1803  7.25  0.00  8.15 
1804  7.53  0.00  8.15 
1805  6.82  0.00  8.15 
1806  5.46  0.00  8.15 
1807  6.95  0.00  8.15 
1808  6.10  0.00  8.15 
1809  6.12  0.00  8.15 
1810  6.08  0.00  8.15 
1811  6.04  0.00  8.15 
1812  6.01  0.00  8.15 
1813  5.51  0.00  8.15 
1814  5.84  0.00  8.15 
1815  5.70  0.00  8.15 
1816  5.08  0.00  8.15 
1817  6.23  0.00  8.15 
1818  6.28  0.00  8.15 
1819  6.01  0.00  8.15 
1820  6.24  0.00  8.15 
1821  6.37  0.00  8.15 
1822  6.92  0.00  8.15 
1823  7.32  0.00  8.15 
1824  5.57  0.00  8.15 
1825  6.06  0.00  8.15 
1826  7.34  0.00  8.15 
1827  5.98  0.00  8.15 
1828  6.12  0.00  8.15 
1829  6.44  0.00  8.15 
1830  4.99  0.00  8.15 
1831  5.30  0.00  8.15 
1832  6.93  0.00  8.15 
1833  6.55  0.00  8.15 
1834  7.06  0.00  8.15 
1835  5.92  0.00  8.15 
1836  5.75  0.00  8.15 
1837  6.88  0.00  8.15 
1838  6.37  0.00  8.15 
1839  6.21  0.00  8.15 
1840  6.21  0.00  8.15 
1841  6.01  0.00  8.15 
1842  6.02  0.00  8.15 
1843  5.36  0.00  8.15 
1844  6.66  0.00  8.15 
1845  6.08  0.00  8.15 
1846  6.47  0.00  8.15 
1847  7.76  0.00  8.15 
1848  6.55  0.00  8.15 
1849  6.71  0.00  8.15 
1850  6.66  0.00  8.15 
1851  7.45  0.00  8.15 
1852  6.14  0.00  8.15 
1853  6.75  0.00  8.15 
1854  6.36  0.00  8.15 
1855  6.65  0.00  8.15 
1856  5.48  0.00  8.15 
1857  6.94  0.00  8.15 
1858  6.69  0.00  8.15 
1859  7.65  0.00  8.15 
1860  5.62  0.00  8.15 
1861  4.62  0.00  8.15 
1862  6.37  0.00  8.15 
1863  6.76  0.00  8.15 
1864  6.84  0.00  8.15 
1865  5.66  0.00  8.15 
1866  5.30  0.00  8.15 
1867  5.67  0.00  8.15 
1868  5.95  0.00  8.15 
1869  6.08  0.00  8.15 
1870  7.82  0.00  8.15 
1871  6.20  0.00  8.15 
1872  5.69  0.00  8.15 
1873  6.64  0.00  8.15 
1874  5.21  0.00  8.15 
1875  5.32  0.00  8.15 
1876  6.87  0.00  8.15 
1877  7.12  0.00  8.15 
1878  7.68  0.00  8.15 
1879  5.50  0.00  8.15 
1880  5.94  0.00  8.15 
1881  5.37  0.00  8.15 
1882  6.93  0.00  8.15 
1883  5.31  0.00  8.15 
1884  7.33  0.00  8.15 
1885  4.54  0.00  8.15 
1886  4.78  0.00  8.15 
1887  6.67  0.00  8.15 
1888  6.69  0.00  8.15 
1889  5.99  0.00  8.15 
1890  7.35  0.00  8.15 
1891  6.75  0.00  8.15 
1892  6.71  0.00  8.15 
1893  6.51  0.00  8.15 
1894  5.77  0.00  8.15 
1895  5.68  0.00  8.15 
1896  7.29  0.00  8.15 
1897  6.94  0.00  8.15 
1898  5.21  0.00  8.15 
1899  6.41  0.00  8.15 
1900  7.49  0.00  8.15 
1901  5.56  0.00  8.15 
1902  7.67  0.00  8.15 
1903  4.41  0.00  8.15 
1904  5.70  0.00  8.15 
1905  6.30  0.00  8.15 
1906  6.31  0.00  8.15 
1907  5.39  0.00  8.15 
1908  7.03  0.00  8.15 
1909  6.34  0.00  8.15 
1910  7.57  0.00  8.15 
1911  5.39  0.00  8.15 
1912  5.61  0.00  8.15 
1913  7.27  0.00  8.15 
1914  5.89  0.00  8.15 
1915  6.22  0.00  8.15 
1916  5.92  0.00  8.15 
1917  6.24  0.00  8.15 
1918  5.70  0.00  8.15 
1919  6.07  0.00  8.15 
1920  6.58  0.00  8.15 
1921  5.76  0.00  8.15 
1922  5.23  0.00  8.15 
1923  7.26  0.00  8.15 
1924  5.59  0.00  8.15 
1925  6.02  0.00  8.15 
1926  8.16  0.00  8.15 
1927  5.35  0.00  8.16 
1928  5.70  0.00  8.16 
1929  7.43  0.00  8.16 
1930  6.54  0.00  8.16 
1931  7.33  0.00  8.16 
1932  6.90  0.00  8.16 
1933  7.23  0.00  8.16 
1934  6.90  0.00  8.16 
1935  6.25  0.00  8.16 
1936  6.02  0.00  8.16 
1937  6.46  0.00  8.16 
1938  7.42  0.00  8.16 
1939  6.29  0.00  8.16 
1940  6.27  0.00  8.16 
1941  6.34  0.00  8.16 
1942  6.67  0.00  8.16 
1943  6.72  0.00  8.16 
1944  6.76  0.00  8.16 
1945  6.37  0.00  8.16 
1946  6.25  0.00  8.16 
1947  6.99  0.00  8.16 
1948  6.83  0.00  8.16 
1949  5.85  0.00  8.16 
1950  6.26  0.00  8.16 
1951  7.08  0.00  8.16 
1952  7.60  0.00  8.16 
1953  7.62  0.00  8.16 
1954  5.96  0.00  8.16 
1955  7.60  0.00  8.16 
1956  6.72  0.00  8.16 
1957  8.27  0.00  8.16 
1958  6.70  0.00  8.27 
1959  6.57  0.00  8.27 
1960  7.45  0.00  8.27 
1961  7.22  0.00  8.27 
1962  5.51  0.00  8.27 
1963  6.75  0.00  8.27 
1964  6.19  0.00  8.27 
1965  7.68  0.00  8.27 
1966  6.41  0.00  8.27 
1967  6.72  0.00  8.27 
1968  5.36  0.00  8.27 
1969  6.30  0.00  8.27 
1970  5.68  0.00  8.27 
1971  7.41  0.00  8.27 
1972  6.88  0.00  8.27 
1973  6.39  0.00  8.27 
1974  6.46  0.00  8.27 
1975  6.60  0.00  8.27 
1976  7.09  0.00  8.27 
1977  8.10  0.00  8.27 
1978  7.56  0.00  8.27 
1979  7.27  0.00  8.27 
1980  6.67  0.00  8.27 
1981  5.86  0.00  8.27 
1982  7.76  0.00  8.27 
1983  5.44  0.00  8.27 
1984  7.53  0.00  8.27 
1985  6.38  0.00  8.27 
1986  6.96  0.00  8.27 
1987  7.22  0.00  8.27 
1988  5.89  0.00  8.27 
1989  7.11  0.00  8.27 
1990  6.12  0.00  8.27 
1991  6.15  0.00  8.27 
1992  7.22  0.00  8.27 
1993  6.21  0.00  8.27 
1994  6.60  0.00  8.27 
1995  6.81  0.00  8.27 
1996  7.18  0.00  8.27 
1997  6.23  0.00  8.27 
1998  6.13  0.00  8.27 
1999  5.67  0.00  8.27 
2000  6.53  0.00  8.27 
2001  5.85  0.00  8.27 
2002  4.61  0.00  8.27 
2003  6.94  0.00  8.27 
2004  4.67  0.00  8.27 
2005  7.40  0.00  8.27 
2006  5.18  0.00  8.27 
2007  6.40  0.00  8.27 
2008  6.24  0.00  8.27 
2009  5.22  0.00  8.27 
2010  4.81  0.00  8.27 
2011  6.85  0.00  8.27 
2012  6.30  0.00  8.27 
2013  7.84  0.00  8.27 
2014  6.97  0.00  8.27 
2015  7.46  0.00  8.27 
2016  6.15  0.00  8.27 
2017  7.37  0.00  8.27 
2018  7.59  0.00  8.27 
2019  5.77  0.00  8.27 
2020  5.48  0.00  8.27 
2021  6.13  0.00  8.27 
2022  4.78  0.00  8.27 
2023  6.37  0.00  8.27 
2024  5.66  0.00  8.27 
2025  5.89  0.00  8.27 
2026  7.85  0.00  8.27 
2027  7.77  0.00  8.27 
2028  7.65  0.00  8.27 
2029  7.53  0.00  8.27 
2030  7.07  0.00  8.27 
2031  7.83  0.00  8.27 
2032  7.85  0.00  8.27 
2033  5.92  0.00  8.27 
2034  7.23  0.00  8.27 
2035  6.32  0.00  8.27 
2036  5.32  0.00  8.27 
2037  6.84  0.00  8.27 
2038  7.36  0.00  8.27 
2039  6.68  0.00  8.27 
2040  6.60  0.00  8.27 
2041  5.97  0.00  8.27 
2042  7.57  0.00  8.27 
2043  6.65  0.00  8.27 
2044  5.23  0.00  8.27 
2045  7.36  0.00  8.27 
2046  7.42  0.00  8.27 
2047  7.68  0.00  8.27 
2048  6.97  0.00  8.27 
2049  7.15  0.00  8.27 
2050  6.43  0.00  8.27 
2051  7.17  0.00  8.27 
2052  6.21  0.00  8.27 
2053  5.80  0.00  8.27 
2054  6.48  0.00  8.27 
2055  7.46  0.00  8.27 
2056  6.77  0.00  8.27 
2057  6.90  0.00  8.27 
2058  6.93  0.00  8.27 
2059  6.66  0.00  8.27 
2060  6.36  0.00  8.27 
2061  6.72  0.00  8.27 
2062  7.53  0.00  8.27 
2063  6.72  0.00  8.27 
2064  6.19  0.00  8.27 
2065  5.98  0.00  8.27 
2066  5.50  0.00  8.27 
2067  7.48  0.00  8.27 
2068  7.92  0.00  8.27 
2069  7.22  0.00  8.27 
2070  6.21  0.00  8.27 
2071  6.76  0.00  8.27 
2072  4.62  0.00  8.27 
2073  6.68  0.00  8.27 
2074  5.76  0.00  8.27 
2075  7.65  0.00  8.27 
2076  6.19  0.00  8.27 
2077  7.70  0.00  8.27 
2078  6.25  0.00  8.27 
2079  5.96  0.00  8.27 
2080  7.23  0.00  8.27 
2081  6.68  0.00  8.27 
2082  5.19  0.00  8.27 
2083  6.88  0.00  8.27 
2084  5.80  0.00  8.27 
2085  5.97  0.00  8.27 
2086  7.02  0.00  8.27 
2087  6.19  0.00  8.27 
2088  6.66  0.00  8.27 
2089  5.95  0.00  8.27 
2090  6.94  0.00  8.27 
2091  6.86  0.00  8.27 
2092  7.17  0.00  8.27 
2093  7.14  0.00  8.27 
2094  6.34  0.00  8.27 
2095  5.76  0.00  8.27 
2096  6.12  0.00  8.27 
2097  6.84  0.00  8.27 
2098  5.38  0.00  8.27 
2099  6.35  0.00  8.27 
2100  6.74  0.00  8.27 
2101  5.31  0.00  8.27 
2102  7.90  0.00  8.27 
2103  7.45  0.00  8.27 
2104  6.99  0.00  8.27 
2105  5.75  0.00  8.27 
2106  6.16  0.00  8.27 
2107  6.19  0.00  8.27 
2108  7.72  0.00  8.27 
2109  6.81  0.00  8.27 
2110  7.58  0.00  8.27 
2111  8.42  0.00  8.27 
2112  6.00  0.00  8.42 
2113  7.09  0.00  8.42 
2114  6.63  0.00  8.42 
2115  7.13  0.00  8.42 
2116  6.35  0.00  8.42 
2117  6.07  0.00  8.42 
2118  7.73  0.00  8.42 
2119  6.13  0.00  8.42 
2120  6.87  0.00  8.42 
2121  5.96  0.00  8.42 
2122  5.84  0.00  8.42 
2123  7.20  0.00  8.42 
2124  6.92  0.00  8.42 
2125  6.47  0.00  8.42 
2126  6.79  0.00  8.42 
2127  7.15  0.00  8.42 
2128  6.18  0.00  8.42 
2129  4.27  0.00  8.42 
2130  6.08  0.00  8.42 
2131  7.99  0.00  8.42 
2132  6.65  0.00  8.42 
2133  5.42  0.00  8.42 
2134  4.84  0.00  8.42 
2135  6.74  0.00  8.42 
2136  5.94  0.00  8.42 
2137  5.82  0.00  8.42 
2138  5.49  0.00  8.42 
2139  6.59  0.00  8.42 
2140  6.95  0.00  8.42 
2141  5.81  0.00  8.42 
2142  7.01  0.00  8.42 
2143  6.26  0.00  8.42 
2144  6.05  0.00  8.42 
2145  5.62  0.00  8.42 
2146  7.10  0.00  8.42 
2147  6.45  0.00  8.42 
2148  7.24  0.00  8.42 
2149  6.28  0.00  8.42 
2150  5.68  0.00  8.42 
2151  7.45  0.00  8.42 
2152  4.96  0.00  8.42 
2153  7.02  0.00  8.42 
2154  7.72  0.00  8.42 
2155  7.25  0.00  8.42 
2156  6.69  0.00  8.42 
2157  6.32  0.00  8.42 
2158  7.30  0.00  8.42 
2159  5.07  0.00  8.42 
2160  6.66  0.00  8.42 
2161  8.06  0.00  8.42 
2162  7.18  0.00  8.42 
2163  6.40  0.00  8.42 
2164  6.95  0.00  8.42 
2165  5.63  0.00  8.42 
2166  6.81  0.00  8.42 
2167  5.58  0.00  8.42 
2168  5.98  0.00  8.42 
2169  6.52  0.00  8.42 
2170  7.27  0.00  8.42 
2171  6.39  0.00  8.42 
2172  6.44  0.00  8.42 
2173  6.23  0.00  8.42 
2174  6.17  0.00  8.42 
2175  7.00  0.00  8.42 
2176  6.77  0.00  8.42 
2177  6.77  0.00  8.42 
2178  6.16  0.00  8.42 
2179  6.43  0.00  8.42 
2180  6.53  0.00  8.42 
2181  5.65  0.00  8.42 
2182  6.72  0.00  8.42 
2183  7.28  0.00  8.42 
2184  6.74  0.00  8.42 
2185  6.40  0.00  8.42 
2186  7.19  0.00  8.42 
2187  7.71  0.00  8.42 
2188  6.04  0.00  8.42 
2189  6.08  0.00  8.42 
2190  5.25  0.00  8.42 
2191  7.14  0.00  8.42 
2192  5.46  0.00  8.42 
2193  5.63  0.00  8.42 
2194  7.79  0.00  8.42 
2195  6.68  0.00  8.42 
2196  5.83  0.00  8.42 
2197  7.27  0.00  8.42 
2198  6.71  0.00  8.42 
2199  6.66  0.00  8.42 
2200  6.02  0.00  8.42 
2201  7.78  0.00  8.42 
2202  8.11  0.00  8.42 
2203  7.50  0.00  8.42 
2204  6.09  0.00  8.42 
2205  6.22  0.00  8.42 
2206  7.48  0.00  8.42 
2207  6.19  0.00  8.42 
2208  5.13  0.00  8.42 
2209  6.92  0.00  8.42 
2210  7.19  0.00  8.42 
2211  6.36  0.00  8.42 
2212  8.35  0.00  8.42 
2213  7.27  0.00  8.42 
2214  7.80  0.00  8.42 
2215  6.99  0.00  8.42 
2216  7.63  0.00  8.42 
2217  7.05  0.00  8.42 
2218  7.36  0.00  8.42 
2219  7.17  0.00  8.42 
2220  8.08  0.00  8.42 
2221  7.43  0.00  8.42 
2222  6.56  0.00  8.42 
2223  7.26  0.00  8.42 
2224  6.73  0.00  8.42 
2225  6.60  0.00  8.42 
2226  7.60  0.00  8.42 
2227  6.34  0.00  8.42 
2228  7.25  0.00  8.42 
2229  6.68  0.00  8.42 
2230  6.27  0.00  8.42 
2231  8.29  0.00  8.42 
2232  7.02  0.00  8.42 
2233  5.82  0.00  8.42 
2234  6.31  0.00  8.42 
2235  7.25  0.00  8.42 
2236  6.18  0.00  8.42 
2237  7.84  0.00  8.42 
2238  5.37  0.00  8.42 
2239  7.43  0.00  8.42 
2240  7.10  0.00  8.42 
2241  7.25  0.00  8.42 
2242  7.91  0.00  8.42 
2243  5.91  0.00  8.42 
2244  6.77  0.00  8.42 
2245  7.89  0.00  8.42 
2246  7.41  0.00  8.42 
2247  6.27  0.00  8.42 
2248  4.43  0.00  8.42 
2249  5.04  0.00  8.42 
2250  6.65  0.00  8.42 
2251  5.69  0.00  8.42 
2252  6.22  0.00  8.42 
2253  6.95  0.00  8.42 
2254  6.76  0.00  8.42 
2255  7.37  0.00  8.42 
2256  7.58  0.00  8.42 
2257  7.46  0.00  8.42 
2258  7.05  0.00  8.42 
2259  6.81  0.00  8.42 
2260  7.17  0.00  8.42 
2261  6.96  0.00  8.42 
2262  6.31  0.00  8.42 
2263  7.67  0.00  8.42 
2264  6.91  0.00  8.42 
2265  6.25  0.00  8.42 
2266  7.05  0.00  8.42 
