0.01150188885,-0.1871612926625,-0.014139832500000001,-0.17672584610000003
0.011424486972995713,-0.18711791172422318,-0.014038733479631374,-0.17657504944682115
0.011346686174092896,-0.18707523297419143,-0.01393752047295577,-0.1764258854060961
0.011268489487056622,-0.18703325272585275,-0.013836195369418625,-0.17627834828766717
0.011189899945651966,-0.18699196729265524,-0.013734760058465358,-0.1761324324013767
0.011110920583644,-0.18695137298804695,-0.0136332164295414,-0.17598813205706695
0.01103155443479779,-0.18691146612547593,-0.01353156637209218,-0.1758454415645803
0.010951804532878416,-0.1868722430183902,-0.013429811775563122,-0.175704355233759
0.010871673911650944,-0.18683369998023786,-0.013327954529399656,-0.17556486737444538
0.010791165604880448,-0.18679583332446695,-0.013225996523047205,-0.1754269722964818
0.010710282646331998,-0.18675863936452552,-0.0131239396459512,-0.17529066430971052
0.010629028069770669,-0.1867221144138616,-0.013021785787557067,-0.17515593772397386
0.010547404908961534,-0.18668625478592327,-0.012919536837310234,-0.17502278684911415
0.010465416197669662,-0.18665105679415858,-0.012817194684656126,-0.1748912059949737
0.010383064969660126,-0.18661651675201557,-0.012714761219040173,-0.17476118947139482
0.010300354258697998,-0.18658263097294234,-0.0126122383299078,-0.17463273158821982
0.010217287098548349,-0.18654939577038687,-0.012509627906704436,-0.17450582665529102
0.010133866522976254,-0.18651680745779725,-0.012406931838875503,-0.17438046898245071
0.010050095565746781,-0.18648486234862152,-0.012304152015866439,-0.17425665287954126
0.009965977260625007,-0.18645355675630776,-0.012201290327122659,-0.1741343726564049
0.009881514641375997,-0.186422886994304,-0.012098348662089599,-0.174013622622884
0.009796710741764832,-0.18639284937605832,-0.011995328910212683,-0.17389439708882087
0.009711568595556577,-0.18636344021501874,-0.011892232960937337,-0.17377669036405782
0.009626091236516301,-0.18633465582463332,-0.011789062703708988,-0.17366049675843714
0.009540281698409087,-0.18630649251835013,-0.011685820027973068,-0.17354581058180116
0.009454143014999998,-0.1862789466096172,-0.011582506823175001,-0.1734326261439922
0.00936767822005411,-0.1862520144118826,-0.01147912497876021,-0.17332093775485258
0.009280890347336495,-0.1862256922385944,-0.011375676384174131,-0.17321073972422457
0.009193782430612226,-0.1861999764032006,-0.011272162928862187,-0.17310202636195052
0.009106357503646368,-0.18617486321914928,-0.011168586502269802,-0.1729947919778727
0.009018618600204,-0.1861503489998885,-0.011064948993842402,-0.17288903088183352
0.008930568754050195,-0.18612643005886634,-0.010961252293025423,-0.1727847373836752
0.008842210998950018,-0.1861031027095308,-0.010857498289264285,-0.17268190579324008
0.008753548368668545,-0.18608036326532995,-0.01075368887200442,-0.17258053042037047
0.008664583896970848,-0.18605820803971188,-0.010649825930691248,-0.1724806055749087
0.008575320617622001,-0.18603663334612458,-0.010545911354770204,-0.17238212556669708
0.008485761564387073,-0.18601563549801614,-0.010441947033686711,-0.1722850847055779
0.008395909771031137,-0.1859952108088346,-0.010337934856886197,-0.1721894773013935
0.008305768271319267,-0.18597535559202805,-0.010233876713814092,-0.17209529766398618
0.008215340099016531,-0.1859560661610445,-0.010129774493915817,-0.17200254010319824
0.008124628287887998,-0.185937338829332,-0.010025630086636803,-0.17191119892887202
0.008033635871698752,-0.18591916991033866,-0.009921445381422478,-0.1718212684508498
0.007942365884213858,-0.18590155571751246,-0.009817222267718268,-0.17173274297897395
0.007850821359198384,-0.18588449256430148,-0.009712962634969603,-0.1716456168230867
0.007759005330417409,-0.1858679767641538,-0.009608668372621905,-0.17155988429303046
0.007666920831636002,-0.18585200463051746,-0.009504341370120604,-0.17147553969864746
0.007574570896619232,-0.1858365724768405,-0.009399983516911126,-0.17139257734978003
0.007481958559132176,-0.18582167661657095,-0.0092955967024389,-0.17131099155627053
0.007389086852939904,-0.18580731336315692,-0.009191182816149354,-0.17123077662796124
0.007295958811807489,-0.18579347903004642,-0.009086743747487913,-0.17115192687469447
0.007202577469500002,-0.18578016993068752,-0.008982281385900003,-0.17107443660631252
0.007108945859782512,-0.18576738237852827,-0.008877797620831055,-0.17099830013265774
0.007015067016420096,-0.18575511268701672,-0.008773294341726494,-0.1709235117635724
0.006920943973177825,-0.18574335716960091,-0.008668773438031747,-0.17085006580889883
0.006826579763820768,-0.18573211213972896,-0.008564236799192241,-0.17077795657847938
0.006731977422114001,-0.18572137391084884,-0.008459686314653405,-0.17070717838215632
0.006637139981822593,-0.18571113879640863,-0.008355123873860662,-0.170637725529772
0.006542070476711617,-0.1857014031098564,-0.008250551366259445,-0.17056959233116867
0.006446771940546144,-0.18569216316464016,-0.008145970681295177,-0.1705027730961887
0.006351247407091247,-0.18568341527420804,-0.008041383708413287,-0.17043726213467436
0.006255499910111999,-0.18567515575200802,-0.007936792337059203,-0.17037305375646802
0.006159532483373473,-0.18566738091148818,-0.00783219845667835,-0.17031014227141195
0.006063348160640736,-0.18566008706609657,-0.007727603956716156,-0.17024852198934848
0.005966949975678863,-0.18565327052928127,-0.007623010726618052,-0.17018818722011989
0.0058703409622529274,-0.18564692761449028,-0.0075184206558294555,-0.17012913227356852
0.005773524154128,-0.1856410546351717,-0.007413835633795804,-0.1700713514595367
0.005676502585069152,-0.18563564790477355,-0.0073092575499625195,-0.17001483908786674
0.005579279288841455,-0.18563070373674392,-0.007204688293775028,-0.1699595894684009
0.005481857299209984,-0.18562621844453084,-0.007100129754678761,-0.16990559691098156
0.005384239649939812,-0.18562218834158234,-0.006995583822119149,-0.16985285572545097
0.005286429374796002,-0.1856186097413465,-0.006891052385541606,-0.16980136022165151
0.005188429507543635,-0.1856154789572714,-0.0067865373343915705,-0.16975110470942545
0.005090243081947779,-0.18561279230280503,-0.006682040558114463,-0.16970208349861512
0.004991873131773507,-0.1856105460913955,-0.006577563946155718,-0.1696542908990628
0.004893322690785891,-0.18560873663649083,-0.006473109387960758,-0.16960772122061085
0.004794594792750003,-0.18560736025153907,-0.006368678772975007,-0.16956236877310157
0.004695692471430916,-0.1856064132499883,-0.006264273990643897,-0.16951822786637724
0.004596618760593698,-0.18560589194528657,-0.006159896930412857,-0.16947529281028023
0.004497376694003427,-0.1856057926508819,-0.006055549481727309,-0.1694335579146528
0.00439796930542517,-0.18560611168022234,-0.005951233534032683,-0.1693930174893373
0.0042983996286240014,-0.185606845346756,-0.005846950976774404,-0.16935366584417602
0.004198670697364993,-0.1856079899639309,-0.005742703699397903,-0.16931549728901127
0.004098785545413214,-0.1856095418451951,-0.005638493591348603,-0.1692785061336854
0.003998747206533743,-0.18561149730399662,-0.0055343225420719355,-0.16924268668804066
0.0038985587144916463,-0.18561385265378355,-0.005430192441013328,-0.1692080332619194
0.0037982231030519956,-0.18561660420800394,-0.005326105177618202,-0.16917454016516395
0.0036977434059798685,-0.18561974828010583,-0.005222062641331989,-0.1691422017076166
0.003597122657040329,-0.1856232811835373,-0.0051180667216001105,-0.16911101219911967
0.003496363889998457,-0.18562719923174636,-0.005014119307868003,-0.16908096594951547
0.0033954701386193207,-0.18563149873818108,-0.004910222289581089,-0.1690520572686463
0.003294444436667991,-0.1856361760162895,-0.004806377556184795,-0.1690242804663545
0.003193289817909544,-0.1856412273795197,-0.00470258699712455,-0.16899762985248237
0.0030920093161090475,-0.18564664914131976,-0.004598852501845781,-0.16897209973687224
0.0029906059650315745,-0.18565243761513767,-0.0044951759597939124,-0.1689476844293664
0.0028890827984421976,-0.1856585891144215,-0.004391559260414373,-0.16892437823980713
0.0027874428501059893,-0.18566509995261932,-0.004288004293152594,-0.16890217547803682
0.0026856891537880177,-0.18567196644317918,-0.0041845129474539925,-0.16888107045389775
0.0025838247432533627,-0.18567918489954913,-0.004081087112764008,-0.1688610574772322
0.0024818526522670894,-0.1856867516351772,-0.003977728678528059,-0.16884213085788252
0.002379775914594272,-0.18569466296351148,-0.0038744395341915767,-0.168824284905691
0.002277597563999983,-0.185702915198,-0.0037712215691999883,-0.1688075139305
0.002175320634249293,-0.18571150465209085,-0.0036680766729987164,-0.16879181224215178
0.0020729481591072775,-0.18572042763923202,-0.0035650067350331944,-0.1687771741504887
0.0019704831723390027,-0.1857296804728716,-0.003462013644748845,-0.16876359396535304
0.0018679287077095481,-0.18573925946645764,-0.003359099291591101,-0.1687510659965871
0.0017652877989839783,-0.1857491609334382,-0.0032562655650053823,-0.1687395845540332
0.0016625634799273706,-0.18575938118726132,-0.0031535143544371225,-0.1687291439475337
0.0015597587843047933,-0.18576991654137506,-0.0030508475493317435,-0.16871973848693084
0.0014568767458813213,-0.18578076330922746,-0.0029482670391346756,-0.16871136248206697
0.0013539203984220245,-0.1857919178042666,-0.0028457747132913463,-0.16870401024278442
0.0012508927756919737,-0.1858033763399405,-0.0027433724612471776,-0.16869767607892552
0.001147796911456246,-0.18581513522969725,-0.002641062172447605,-0.16869235430033253
0.0010446358394799076,-0.1858271907869849,-0.0025388457363380496,-0.16868803921684775
0.0009414125935280366,-0.18583953932525143,-0.0024367250423639425,-0.16868472513831356
0.000838130207365699,-0.185852177157945,-0.0023347019799707085,-0.1686824063745722
0.0007347917147579707,-0.18586510059851358,-0.002232778438603775,-0.16868107723546608
0.0006314001494699192,-0.18587830596040528,-0.002130956307708568,-0.16868073203083744
0.0005279585452666237,-0.1858917895570681,-0.002029237476730518,-0.16868136507052858
0.000424469935913151,-0.18590554770195014,-0.0019276238351150503,-0.16868297066438187
0.0003209373551745749,-0.18591957670849943,-0.0018261172723075922,-0.16868554312223955
0.00021736383681596587,-0.18593387289016403,-0.0017247196777535705,-0.168689076753944
0.00011375241460239655,-0.18594843256039198,-0.0016234329408984138,-0.16869356586933754
1.0106122298940258e-05,-0.18596325203263134,-0.0015222589511875472,-0.1686990047782624
-9.357200632933237e-05,-0.18597832762033017,-0.0014211995980663995,-0.168705387790561
-0.00019727893751734788,-0.18599365563693654,-0.0013202567709803975,-0.16871270921607556
-0.0003010116375000364,-0.18600923239589845,-0.0012194323593749691,-0.16872096336464845
-0.00040476707251232806,-0.186025054210664,-0.0011187282526955358,-0.16873014454612195
-0.0005085422087891435,-0.18604111739468124,-0.0010181463403875352,-0.1687402470703384
-0.0006123340125654171,-0.1860574182613982,-0.0009176885118963866,-0.16875126524714013
-0.000716139450076073,-0.18607395312426295,-0.0008173566566675208,-0.1687631933863694
-0.0008199554875560447,-0.18609071829672352,-0.0007171526641463616,-0.16877602579786852
-0.000923779091240253,-0.18610771009222798,-0.0006170784237783406,-0.16878975679147987
-0.0010276072273636295,-0.1861249248242244,-0.0005171358250088821,-0.1688043806770457
-0.0011314368621611027,-0.1861423588061608,-0.00041732675728341353,-0.16881989176440834
-0.0012352649618675984,-0.18616000835148527,-0.00031765311004736417,-0.1688362843634101
-0.0013390884927180465,-0.18617786977364584,-0.00021811677274615978,-0.16885355278389333
-0.001442904420947376,-0.18619593938609055,-0.00011871963482522643,-0.16887169133570032
-0.0015467097127905137,-0.18621421350226747,-1.9463585729989975e-05,-0.16889069432867335
-0.001650501334482386,-0.18623268843562465,7.964948509411663e-05,-0.1689105560726548
-0.0017542762522579215,-0.18625136049961016,0.00017861768820166918,-0.16893127087748688
-0.0018580314323520491,-0.186270226007672,0.00027743913414724256,-0.16895283305301204
-0.0019617638409997005,-0.1862892812732583,0.0003761119334854109,-0.16897523690907248
-0.0020654704444357974,-0.18630852260981706,0.00047463419677074036,-0.16899847675551055
-0.0021691482088952692,-0.18632794633079636,0.0005730040345578076,-0.16902254690216859
-0.002272794100613049,-0.1863475487496442,0.0006712195574011894,-0.16904744165888885
-0.0023764050858240573,-0.18636732617980872,0.0007692788758554501,-0.16907315533551373
-0.0024799781307632235,-0.1863872749347379,0.0008671801004751663,-0.16909968224188546
-0.0025835102016654806,-0.1864073913278798,0.0009649213418149122,-0.1691270166878464
-0.0026869982647657552,-0.1864276716726825,0.0010625007104292615,-0.16915515298323885
-0.002790439286298971,-0.18644811228259406,0.0011599163168727832,-0.1691840854379051
-0.0028938302325000587,-0.18646870947106253,0.0012571662717000512,-0.16921380836168753
-0.0029971680696039473,-0.18648945955153592,0.0013542486854656406,-0.16924431606442839
-0.0031004497638455657,-0.18651035883746234,0.0014511616687241237,-0.16927560285597001
-0.0032036722814598384,-0.1865314036422898,0.0015479033320300716,-0.16930766304615472
-0.0033068325886816945,-0.18655259027946636,0.001644471785938058,-0.1693404909448248
-0.0034099276517460656,-0.1865739150624401,0.0017408651410026571,-0.1693740808618226
-0.0035129544368878727,-0.18659537430465903,0.001837081507778437,-0.1694084271069904
-0.003615909910342049,-0.18661696431957125,0.0019331189968199755,-0.16944352399017054
-0.0037187910383435214,-0.18663868142062479,0.0020289757186818425,-0.16947936582120532
-0.003821594787127221,-0.1866605219212677,0.0021246497839186155,-0.16951594690993704
-0.003924318122928067,-0.18668248213494804,0.0022201393030848574,-0.16955326156620804
-0.004026958011980997,-0.18670455837511385,0.0023154423867351526,-0.16959130409986062
-0.004129511420520934,-0.18672674695521319,0.0024105571454240676,-0.16963006882073708
-0.004231975314782804,-0.18674904418869412,0.0025054816897061723,-0.16966955003867976
-0.004334346661001541,-0.1867714463890047,0.002600214130136047,-0.16970974206353096
-0.004436622425412072,-0.18679394986959297,0.002694752577268262,-0.16975063920513297
-0.0045387995742493204,-0.18681655094390698,0.0027890951416573865,-0.16979223577332814
-0.004640875073748216,-0.18683924592539478,0.0028832399338579963,-0.1698345260779588
-0.004742845890143687,-0.18686203112750444,0.0029771850644246633,-0.16987750442886718
-0.004844708989670667,-0.186884902863684,0.003070928643911963,-0.16992116513589567
-0.004946461338564074,-0.18690785744738153,0.0031644687828744637,-0.16996550250888653
-0.005048099903058843,-0.18693089119204506,0.0032578035918667415,-0.17001051085768212
-0.0051496216493899,-0.18695400041112264,0.0033509311814433687,-0.17005618449212476
-0.0052510235437921715,-0.18697718141806235,0.0034438496621589155,-0.1701025177220567
-0.00535230255250059,-0.18700043052631224,0.0035365571445679584,-0.1701495048573203
-0.005453455641750076,-0.18702374404932035,0.003629051739225066,-0.17019714020775786
-0.005554479777775567,-0.18704711830053472,0.0037213315566848176,-0.1702454180832117
-0.005655371926811984,-0.1870705495934034,0.00381339470750178,-0.17029433279352413
-0.005756129055094256,-0.1870940342413745,0.0039052393022305266,-0.17034387864853745
-0.005856748128857314,-0.18711756855789602,0.003996863451425635,-0.17039404995809398
-0.005957226114336082,-0.18714114885641603,0.004088265265641671,-0.17044484103203605
-0.006057559977765491,-0.18716477145038257,0.004179442855433212,-0.17049624618020595
-0.0061577466853804655,-0.18718843265324372,0.004270394331354829,-0.17054825971244603
-0.006257783203415939,-0.1872121287784475,0.0043611178039610985,-0.17060087593859855
-0.006357666498106837,-0.187235856139442,0.004451611383806589,-0.17065408916850586
-0.0064573935356880855,-0.18725961104967523,0.004541873181445873,-0.17070789371201023
-0.006556961282394614,-0.18728338982259526,0.004631901307433526,-0.17076228387895404
-0.006656366704461351,-0.18730718877165017,0.004721693872324122,-0.17081725397917957
-0.006755606768123225,-0.18733100421028798,0.004811248986672229,-0.1708727983225291
-0.006854678439615161,-0.18735483245195675,0.0049005647610324225,-0.17092891121884501
-0.006953578685172089,-0.18737866981010454,0.004989639305959278,-0.17098558697796956
-0.007052304471028939,-0.1874025125981794,0.005078470732007363,-0.1710428199097451
-0.007150852763420635,-0.18742635712962938,0.005167057149731252,-0.1711006043240139
-0.007249220528582106,-0.18745019971790253,0.005255396669685519,-0.1711589345306183
-0.007347404732748286,-0.18747403667644694,0.005343487402424739,-0.1712178048394006
-0.007445402342154093,-0.1874978643187106,0.005431327458503479,-0.17127720956020315
-0.00754321032303446,-0.1875216789581416,0.005518914948476316,-0.1713371430028682
-0.007640825641624317,-0.18754547690818799,0.005606247982897821,-0.17139759947723812
-0.007738245264158591,-0.18756925448229783,0.005693324672322571,-0.1714585732931552
-0.007835466156872207,-0.18759300799391915,0.005780143127305133,-0.17152005876046172
-0.007932485286000095,-0.18761673375650004,0.005866701458400081,-0.17158205018900008
-0.008029299617777187,-0.18764042808348852,0.005952997776161993,-0.1716445418886125
-0.0081259061184384,-0.18766408728833264,0.006039030191145433,-0.17170752816914137
-0.008222301754218675,-0.18768770768448048,0.006124796813904981,-0.17177100334042894
-0.008318483491352929,-0.18771128558538006,0.006210295754995206,-0.17183496171231755
-0.008414448296076099,-0.18773481730447947,0.006295525124970685,-0.17189939759464953
-0.008510193134623105,-0.18775829915522674,0.0063804830343859855,-0.17196430529726717
-0.008605714973228885,-0.18778172745106994,0.006465167593795683,-0.17202967913001277
-0.008701010778128354,-0.1878050985054571,0.006549576913754349,-0.17209551340272866
-0.008796077515556453,-0.18782840863183628,0.006633709104816561,-0.17216180242525717
-0.0088909121517481,-0.18785165414365554,0.006717562277536885,-0.17222854050744058
-0.008985511652938231,-0.18787483135436292,0.006801134542469898,-0.17229572195912124
-0.009079872985361769,-0.1878979365774065,0.0068844240101701756,-0.17236334109014143
-0.00917399311525364,-0.18792096612623432,0.006967428791192281,-0.17243139221034348
-0.009267869008848776,-0.1879439163142944,0.007050146996090796,-0.1724998696295697
-0.009361497632382103,-0.18796678345503484,0.007132576735420286,-0.1725687676576624
-0.009454875952088555,-0.18798956386190369,0.007214716119735332,-0.1726380806044639
-0.009548000934203047,-0.18801225384834896,0.007296563259590502,-0.1727078027798165
-0.009640869544960521,-0.18803484972781875,0.00737811626554037,-0.17277792849356252
-0.009733478750595895,-0.1880573478137611,0.007459373248139507,-0.17284845205554428
-0.009825825517344105,-0.18807974441962405,0.0075403323179424895,-0.1729193677756041
-0.009917906811440074,-0.18810203585885565,0.007620991585503886,-0.17299066996358428
-0.010009719599118729,-0.18812421844490396,0.0077013491613782716,-0.17306235292932712
-0.010101260846615006,-0.18814628849121703,0.007781403156120222,-0.17313441098267493
-0.010192527520163822,-0.18816824231124296,0.007861151680284303,-0.17320683843347004
-0.010283516586000107,-0.18819007621842973,0.00794059284442509,-0.1732796295915548
-0.010374225010358796,-0.18821178652622542,0.008019724759097159,-0.17335277876677146
-0.010464649759474816,-0.1882333695480781,0.008098545534855084,-0.17342628026896234
-0.010554787799583087,-0.1882548215974358,0.008177053282253429,-0.1735001284079698
-0.010644636096918542,-0.18827613898774662,0.008255246111846776,-0.1735743174936361
-0.010734191617716111,-0.18829731803245853,0.008333122134189692,-0.1736488418358036
-0.010823451328210717,-0.18831835504501965,0.008410679459836755,-0.1737236957443146
-0.010912412194637294,-0.18833924633887802,0.00848791619934253,-0.17379887352901138
-0.011001071183230767,-0.18835998822748168,0.008564830463261598,-0.17387436949973628
-0.011089425260226065,-0.18838057702427868,0.008641420362148529,-0.1739501779663316
-0.011177471391858112,-0.18840100904271712,0.008717684006557893,-0.17402629323863966
-0.01126520654436184,-0.18842128059624497,0.008793619507044268,-0.17410270962650282
-0.011352627683972175,-0.18844138799831034,0.00886922497416222,-0.1741794214397633
-0.011439731776924051,-0.18846132756236128,0.008944498518466331,-0.17425642298826347
-0.011526515789452385,-0.1884810956018458,0.009019438250511162,-0.17433370858184563
-0.011612976687792114,-0.18850068843021203,0.009094042280851295,-0.1744112725303521
-0.01169911143817816,-0.18852010236090797,0.009168308720041301,-0.1744891091436252
-0.01178491700684546,-0.18853933370738168,0.009242235678635751,-0.17456721273150724
-0.011870390360028928,-0.1885583787830812,0.009315821267189215,-0.17464557760384053
-0.011955528463963506,-0.18857723390145462,0.009389063596256273,-0.17472419807046735
-0.012040328284884116,-0.18859589537594998,0.009461960776391496,-0.17480306844123006
-0.012124786789025682,-0.18861435952001532,0.009534510918149454,-0.17488218302597094
-0.012208900942623141,-0.18863262264709868,0.00960671213208472,-0.17496153613453233
-0.01229266771191141,-0.18865068107064814,0.009678562528751865,-0.17504112207675654
-0.012376084063125427,-0.18866853110411175,0.009750060218705467,-0.17512093516248586
-0.012459146962500113,-0.18868616906093755,0.009821203312500094,-0.17520096970156263
-0.012541853376270408,-0.1887035912545736,0.009891989920690328,-0.17528122000382915
-0.012624200270671224,-0.18872079399846795,0.00996241815383073,-0.17536168037912772
-0.012706184611937493,-0.18873777360606864,0.010032486122475873,-0.17544234513730067
-0.012787803366304149,-0.18875452639082377,0.01010219193718034,-0.17552320858819032
-0.012869053500006116,-0.18877104866618136,0.010171533708498697,-0.17560426504163895
-0.012949931979278323,-0.18878733674558945,0.010240509546985518,-0.1756855088074889
-0.0130304357703557,-0.1888033869424961,0.010309117563195374,-0.17576693419558248
-0.013110561839473175,-0.1888191955703494,0.010377355867682844,-0.17584853551576202
-0.013190307152865672,-0.18883475894259735,0.010445222571002494,-0.1759303070778698
-0.013269668676768119,-0.18885007337268803,0.010512715783708897,-0.17601224319174813
-0.013348643377415446,-0.1888651351740695,0.010579833616356633,-0.17609433816723935
-0.013427228221042581,-0.1888799406601898,0.010646574179500263,-0.17617658631418578
-0.01350542017388445,-0.188894486144497,0.01071293558369437,-0.17625898194242973
-0.01358321620217599,-0.1889087679404391,0.010778915939493525,-0.17634151936181344
-0.013660613272152119,-0.18892278236146423,0.010844513357452299,-0.17642419288217934
-0.013737608350047765,-0.18893652572102038,0.010909725948125263,-0.17650699681336965
-0.013814198402097862,-0.18894999433255563,0.010974551822066992,-0.17658992546522673
-0.013890380394537334,-0.18896318450951805,0.01103898908983206,-0.1766729731475929
-0.013966151293601107,-0.18897609256535566,0.011103035861975035,-0.1767561341703104
-0.014041508065524117,-0.18898871481351653,0.011166690249050495,-0.17683940284322164
-0.01411644767654128,-0.1890010475674487,0.011229950361613011,-0.1769227734761689
-0.01419096709288754,-0.18901308714060025,0.011292814310217157,-0.17700624037899446
-0.014265063280797815,-0.18902482984641922,0.011355280205417508,-0.17708979786154067
-0.01433873320650703,-0.18903627199835366,0.011417346157768628,-0.1771734402336498
-0.01441197383625012,-0.18904740990985158,0.011479010277825098,-0.1772571618051642
-0.014484782136262005,-0.18905823989436113,0.011540270676141485,-0.1773409568859262
-0.014557155072777621,-0.18906875826533026,0.011601125463272365,-0.17742481978577807
-0.01462908961203189,-0.1890789613362071,0.011661572749772312,-0.17750874481456214
-0.014700582720259746,-0.18908884542043966,0.011721610646195896,-0.17759272628212075
-0.014771631363696119,-0.18909840683147602,0.011781237263097696,-0.17767675849829614
-0.014842232508575925,-0.18910764188276422,0.011840450711032275,-0.1777608357729307
-0.0149123831211341,-0.1891165468877523,0.011899249100554215,-0.17784495241586673
-0.014982080167605572,-0.18912511815988833,0.01195763054221808,-0.1779291027369465
-0.015051320614225266,-0.18913335201262038,0.012015593146578449,-0.17801328104601236
-0.015120101427228116,-0.18914124475939648,0.012073135024189895,-0.1780974816529066
-0.015188419572849039,-0.18914879271366467,0.012130254285606986,-0.17818169886747154
-0.015256272017322985,-0.189155992188873,0.012186949041384305,-0.17826592699954952
-0.015323655726884855,-0.18916283949846957,0.012243217402076411,-0.17835016035898282
-0.015390567667769587,-0.18916933095590238,0.012299057478237882,-0.17843439325561378
-0.015457004806212114,-0.18917546287461953,0.012354467380423294,-0.17851861999928467
-0.015522964108447362,-0.18918123156806904,0.012409445219187217,-0.17860283489983783
-0.015588442540710259,-0.18918663334969896,0.012463989105084226,-0.17868703226711558
-0.01565343706923573,-0.18919166453295738,0.012518097148668896,-0.17877120641096023
-0.015717944660258703,-0.1891963214312923,0.012571767460495788,-0.17885535164121408
-0.015781962280014116,-0.18920060035815184,0.012624998151119492,-0.17893946226771948
-0.01584548689473688,-0.189204497626984,0.012677787331094568,-0.1790235326003187
-0.015908515470661938,-0.18920800955123684,0.012730133110975593,-0.17910755694885405
-0.01597104497402421,-0.18921113244435842,0.012782033601317142,-0.1791915296231679
-0.016033072371058624,-0.18921386261979678,0.012833486912673784,-0.1792754449331025
-0.01609459462800011,-0.189216196391,0.012884491155600088,-0.17935929718850016
-0.016155608711083597,-0.18921813007141614,0.012935044440650639,-0.17944308069920326
-0.016216111586544013,-0.18921965997449322,0.01298514487838,-0.17952678977505407
-0.016276100220616287,-0.1892207824136793,0.013034790579342747,-0.1796104187258949
-0.01633557157953534,-0.18922149370242244,0.01308397965409345,-0.17969396186156805
-0.016394522629536112,-0.1892217901541707,0.013132710213186688,-0.17977741349191587
-0.016452950336853518,-0.18922166808237212,0.013180980367177028,-0.17986076792678063
-0.01651085166772249,-0.18922112380047476,0.013228788226619043,-0.1799440194760047
-0.01656822358837796,-0.18922015362192668,0.013276131902067312,-0.18002716244943034
-0.01662506306505486,-0.1892187538601759,0.013323009504076404,-0.1801101911568999
-0.016681367063988106,-0.1892169208286705,0.013369419143200887,-0.18019309990825566
-0.016737132551412633,-0.18921465084085853,0.01341535892999534,-0.18027588301333997
-0.016792356493563372,-0.18921194021018806,0.013460826975014332,-0.18035853478199512
-0.016847035856675237,-0.18920878525010712,0.013505821388812438,-0.18044104952406342
-0.016901167606983177,-0.18920518227406377,0.01355034028194423,-0.1805234215493872
-0.0169547487107221,-0.18920112759550606,0.013594381764964282,-0.18060564516780875
-0.01700777613412695,-0.18919661752788205,0.013637943948427166,-0.1806877146891704
-0.017060246843432648,-0.18919164838463978,0.013681024942887459,-0.18076962442331443
-0.017112157804874115,-0.18918621647922731,0.013723622858899723,-0.18085136868008322
-0.01716350598468629,-0.1891803181250927,0.01376573580701854,-0.180932941769319
-0.017214288349104098,-0.189173949635684,0.01380736189779848,-0.18101433800086417
-0.01726450186436247,-0.18916710732444925,0.013848499241794114,-0.18109555168456098
-0.01731414349669632,-0.18915978750483653,0.01388914594956002,-0.1811765771302518
-0.017363210212340593,-0.18915198649029386,0.013929300131650767,-0.18125740864777887
-0.01741169897753021,-0.1891437005942693,0.013968959898620929,-0.18133804054698452
-0.0174596067585001,-0.18913492613021093,0.014008123361025079,-0.18141846713771112
-0.017506930521485182,-0.18912565941156678,0.014046788629417786,-0.18149868272980094
-0.0175536672327204,-0.18911589675178492,0.01408495381435363,-0.18157868163309626
-0.017599813858440668,-0.18910563446431336,0.014122617026387172,-0.18165845815743947
-0.017645367364880923,-0.1890948688626002,0.014159776376072996,-0.18173800661267284
-0.01769032471827609,-0.1890835962600935,0.014196429973965675,-0.18181732130863867
-0.0177346828848611,-0.18907181297024125,0.014232575930619773,-0.1818963965551793
-0.017778438830870876,-0.18905951530649157,0.01426821235658987,-0.18197522666213706
-0.017821589522540347,-0.18904669958229248,0.014303337362430538,-0.1820538059393542
-0.017864131926104438,-0.18903336211109203,0.014337949058696344,-0.18213212869667306
-0.017906063007798085,-0.1890194992063383,0.014372045555941867,-0.182210189243936
-0.017947379733856215,-0.1890051071814793,0.014405624964721682,-0.18228798189098527
-0.017988079070513748,-0.18899018234996312,0.014438685395590354,-0.1823655009476632
-0.018028157984005623,-0.18897472102523782,0.014471224959102464,-0.18244274072381214
-0.018067613440566756,-0.1889587195207514,0.014503241765812575,-0.18251969552927436
-0.018106442406432083,-0.18894217414995199,0.014534733926275266,-0.18259635967389218
-0.01814464184783653,-0.18892508122628757,0.01456569955104511,-0.18267272746750793
-0.018182208731015028,-0.18890743706320623,0.014596136750676678,-0.1827487932199639
-0.018219140022202495,-0.188889237974156,0.014626043635724544,-0.18282455124110242
-0.01825543268763387,-0.18887048027258496,0.014655418316743279,-0.1828999958407658
-0.01829108369354408,-0.18885116027194115,0.014684258904287463,-0.18297512132879637
-0.018326090006168045,-0.18883127428567265,0.014712563508911657,-0.18304992201503642
-0.0183604485917407,-0.18881081862722746,0.01474033024117044,-0.18312439220932825
-0.01839415641649697,-0.18878978961005366,0.01476755721161839,-0.1831985262215142
-0.018427210446671782,-0.1887681835475993,0.014794242530810067,-0.18327231836143656
-0.01845960764850007,-0.18874599675331247,0.014820384309300057,-0.18334576293893767
-0.018491344988216758,-0.18872322554064117,0.014845980657642924,-0.18341885426385984
-0.01852241943205677,-0.18869986622303347,0.014871029686393242,-0.18349158664604537
-0.018552827946255044,-0.18867591511393741,0.014895529506105593,-0.18356395439533657
-0.0185825674970465,-0.1886513685268011,0.014919478227334537,-0.18363595182157574
-0.018611635050666066,-0.18862622277507252,0.01494287396063465,-0.18370757323460524
-0.018640027573348674,-0.18860047417219977,0.014965714816560512,-0.18377881294426734
-0.018667742031329246,-0.18857411903163088,0.014987998905666686,-0.1838496652604044
-0.018694775390842716,-0.1885471536668139,0.015009724338507752,-0.18392012449285866
-0.018721124618124012,-0.1885195743911969,0.015030889225638283,-0.18399018495147249
-0.01874678667940806,-0.18849137751822795,0.015051491677612848,-0.18405984094608818
-0.018771758540929787,-0.18846255936135506,0.015071529804986017,-0.18412908678654805
-0.01879603716892412,-0.1884331162340263,0.015091001718312368,-0.18419791678269443
-0.018819619529625988,-0.18840304444968975,0.015109905528146478,-0.1842663252443696
-0.018842502589270324,-0.1883723403217934,0.015128239345042907,-0.18433430648141588
-0.018864683314092048,-0.18834100016378538,0.01514600127955624,-0.1844018548036756
-0.018886158670326097,-0.18830902028911367,0.015163189442241043,-0.18446896452099107
-0.018906925624207392,-0.1882763970112264,0.01517980194365189,-0.1845356299432046
-0.01892698114197086,-0.18824312664357154,0.015195836894343357,-0.1846018453801585
-0.018946322189851435,-0.18820920549959722,0.015211292404870017,-0.18466760514169508
-0.01896494573408404,-0.18817462989275144,0.015226166585786433,-0.18473290353765667
-0.01898284874090361,-0.18813939613648226,0.01524045754764719,-0.18479773487788556
-0.019000028176545065,-0.18810350054423775,0.015254163401006854,-0.18486209347222407
-0.019016481007243336,-0.18806693942946595,0.01526728225642,-0.18492597363051452
-0.01903220419923335,-0.18802970910561492,0.0152798122244412,-0.1849893696625992
-0.01904719471875004,-0.18799180588613273,0.01529175141562503,-0.1850522758783205
-0.01906144953202832,-0.1879532260844674,0.015303097940526054,-0.18511468658752062
-0.019074965605303137,-0.187913966014067,0.015313849909698854,-0.18517659610004195
-0.019087739904809407,-0.18787402198837957,0.015324005433698003,-0.18523799872572677
-0.01909976939678206,-0.1878333903208532,0.015333562623078063,-0.1852988887744174
-0.019111051047456026,-0.18779206732493592,0.01534251958839362,-0.18535926055595617
-0.019121581823066232,-0.18775004931407574,0.015350874440199237,-0.18541910838018538
-0.019131358689847607,-0.1877073326017208,0.015358625289049499,-0.18547842655694732
-0.019140378614035076,-0.18766391350131906,0.015365770245498962,-0.18553720939608434
-0.019148638561863572,-0.18761978832631865,0.01537230742010221,-0.18559545120743876
-0.019156135499568017,-0.18757495339016758,0.015378234923413813,-0.18565314630085286
-0.019162866393383344,-0.18752940500631393,0.015383550865988345,-0.18571028898616895
-0.019168828209544478,-0.18748313948820572,0.015388253358380378,-0.18576687357322935
-0.019174017914286346,-0.18743615314929102,0.01539234051114448,-0.1858228943718764
-0.019178432473843883,-0.1873884423030179,0.015395810434835233,-0.1858783456919524
-0.019182068854452006,-0.1873400032628344,0.015398661240007204,-0.18593322184329966
-0.01918492402234565,-0.18729083234218855,0.015400891037214967,-0.18598751713576048
-0.019186994943759746,-0.18724092585452842,0.015402497937013097,-0.18604122587917718
-0.019188278584929216,-0.18719028011330208,0.015403480049956161,-0.18609434238339206
-0.01918877191208899,-0.18713889143195755,0.01540383548659874,-0.18614686095824748
-0.019188471891473994,-0.18708675612394293,0.015403562357495395,-0.18619877591358572
-0.01918737548931916,-0.18703387050270623,0.015402658773200711,-0.18625008155924908
-0.019185479671859417,-0.18698023088169552,0.015401122844269258,-0.1863007722050799
-0.019182781405329686,-0.18692583357435885,0.0153989526812556,-0.18635084216092046
-0.0191792776559649,-0.1868706748941443,0.015396146394714323,-0.1864002857366131
-0.019174965389999986,-0.18681475115449986,0.015392702095199988,-0.18644909724200015
-0.019169841573669872,-0.18675805866887363,0.015388617893267176,-0.18649727098692387
-0.019163903173209484,-0.18670059375071366,0.015383891899470457,-0.18654480128122664
-0.019157147154853758,-0.186642352713468,0.0153785222243644,-0.1865916824347507
-0.019149570484837612,-0.18658333187058468,0.015372506978503583,-0.1866379087573384
-0.019141170129395976,-0.1865235275355118,0.015365844272442579,-0.18668347455883208
-0.019131943054763786,-0.18646293602169736,0.015358532216735958,-0.186728374149074
-0.019121886227175956,-0.18640155364258945,0.015350568921938293,-0.1867726018379065
-0.01911099661286742,-0.18633937671163608,0.015341952498604159,-0.1868161519351719
-0.019099271178073116,-0.18627640154228536,0.015332681057288128,-0.1868590187507125
-0.01908670688902796,-0.18621262444798534,0.01532275270854477,-0.18690119659437063
-0.01907330071196689,-0.18614804174218402,0.015312165562928661,-0.18694267977598858
-0.01905904961312482,-0.1860826497383295,0.015300917730994372,-0.18698346260540866
-0.01904395055873669,-0.1860164447498698,0.015289007323296477,-0.1870235393924732
-0.019028000515037426,-0.185949423090253,0.01527643245038955,-0.18706290444702453
-0.01901119644826195,-0.18588158107292713,0.01526319122282816,-0.18710155207890494
-0.0189935353246452,-0.18581291501134026,0.015249281751166882,-0.18713947659795674
-0.018975014110422093,-0.18574342121894044,0.015234702145960292,-0.18717667231402224
-0.018955629771827562,-0.18567309600917573,0.015219450517762958,-0.18721313353694374
-0.01893537927509653,-0.18560193569549416,0.015203524977129452,-0.1872488545765636
-0.01891425958646394,-0.1855299365913438,0.01518692363461435,-0.18728382974272412
-0.018892267672164703,-0.1854570950101727,0.015169644600772223,-0.18731805334526758
-0.018869400498433758,-0.18538340726542893,0.015151685986157647,-0.18735151969403632
-0.018845655031506026,-0.1853088696705605,0.015133045901325193,-0.18738422309887262
-0.01882102823761644,-0.1852334785390155,0.015113722456829435,-0.18741615786961885
-0.018795517082999924,-0.185157230184242,0.01509371376322494,-0.1874473183161173
-0.018769118533891405,-0.18508012091968798,0.015073017931066286,-0.18747769874821024
-0.01874182955652582,-0.18500214705880155,0.015051633070908047,-0.18750729347574005
-0.01871364711713809,-0.18492330491503076,0.015029557293304789,-0.187536096808549
-0.018684568181963145,-0.18484359080182364,0.015006788708811093,-0.18756410305647941
-0.01865458971723591,-0.18476300103262827,0.014983325427981531,-0.18759130652937359
-0.018623708689191318,-0.1846815319208927,0.014959165561370669,-0.18761770153707386
-0.01859192206406429,-0.18459917978006496,0.014934307219533084,-0.18764328238942254
-0.018559226808089756,-0.1845159409235931,0.014908748513023349,-0.18766804339626195
-0.018525619887502648,-0.18443181166492523,0.014882487552396035,-0.18769197886743438
-0.018491098268537894,-0.1843467883175093,0.014855522448205717,-0.18771508311278215
-0.01845565891743042,-0.18426086719479348,0.014827851311006966,-0.18773735044214757
-0.01841929880041515,-0.18417404461022574,0.014799472251354358,-0.18775877516537295
-0.01838201488372702,-0.18408631687725419,0.014770383379802462,-0.18777935159230064
-0.01834380413360096,-0.18399768030932684,0.014740582806905857,-0.1877990740327729
-0.01830466351627188,-0.18390813121989175,0.014710068643219106,-0.18781793679663206
-0.01826458999797472,-0.18381766592239698,0.014678838999296789,-0.18783593419372047
-0.018223580544944416,-0.18372628073029057,0.014646891985693475,-0.1878530605338804
-0.01818163212341589,-0.1836339719570206,0.014614225712963738,-0.18786931012695415
-0.01813874169962406,-0.18354073591603512,0.014580838291662155,-0.1878846772827841
-0.018094906239803865,-0.18344656892078215,0.014546727832343292,-0.18789915631121248
-0.018050122710190228,-0.1833514672847098,0.014511892445561728,-0.18791274152208168
-0.018004388077018083,-0.18325542732126604,0.01447633024187203,-0.18792542722523398
-0.01795769930652235,-0.183158445343899,0.014440039331828775,-0.18793720773051167
-0.01791005336493796,-0.18306051766605672,0.014403017825986532,-0.1879480773477571
-0.017861447218499846,-0.1829616406011872,0.01436526383489988,-0.18795803038681255
-0.017811877833442933,-0.18286181046273856,0.014326775469123388,-0.18796706115752035
-0.017761342176002143,-0.1827610235641588,0.014287550839211629,-0.18797516396972283
-0.01770983721241241,-0.182659276218896,0.01424758805571917,-0.18798233313326226
-0.017657359908908665,-0.18255656474039822,0.014206885229200593,-0.187988562957981
-0.01760390723172583,-0.1824528854421135,0.014165440470210467,-0.18799384775372135
-0.017549476147098834,-0.1823482346374899,0.014123251889303365,-0.1879981818303256
-0.017494063621262605,-0.18224260863997543,0.01408031759703386,-0.18800155949763608
-0.017437666620452076,-0.18213600376301822,0.014036635703956525,-0.1880039750654951
-0.01738028211090217,-0.18202841632006628,0.013992204320625931,-0.18800542284374497
-0.017321907058847813,-0.18191984262456767,0.013947021557596653,-0.188005897142228
-0.017262538430523937,-0.18181027898997043,0.013901085525423264,-0.18800539227078653
-0.01720217319216547,-0.18169972172972262,0.013854394334660337,-0.18800390253926286
-0.017140808310007336,-0.1815881671572723,0.013806946095862438,-0.18800142225749927
-0.01707844075028447,-0.1814756115860675,0.01375873891958415,-0.18799794573533812
-0.01701506747923179,-0.18136205132955632,0.01370977091638004,-0.18799346728262167
-0.016950685463084238,-0.1812474827011868,0.013660040196804682,-0.1879879812091923
-0.01688529166807673,-0.18113190201440693,0.013609544871412648,-0.18798148182489227
-0.016818883060444198,-0.18101530558266485,0.013558283050758513,-0.18797396343956393
-0.016751456606421574,-0.18089768971940856,0.013506252845396848,-0.18796542036304956
-0.01668300927224377,-0.18077905073808612,0.013453452365882223,-0.1879558469051915
-0.016613538024145738,-0.1806593849521456,0.013399879722769218,-0.18794523737583202
-0.01654303982836239,-0.18053868867503503,0.0133455330266124,-0.18793358608481348
-0.016471511651128656,-0.18041695822020248,0.013290410387966344,-0.18792088734197818
-0.016398950458679472,-0.18029418990109602,0.013234509917385624,-0.18790713545716842
-0.016325353217249757,-0.18017038003116367,0.01317782972542481,-0.18789232474022652
-0.01625071689307444,-0.18004552492385348,0.013120367922638477,-0.1878764495009948
-0.01617503845238845,-0.17991962089261354,0.013062122619581193,-0.18785950404931556
-0.016098314861426717,-0.17979266425089185,0.013003091926807537,-0.18784148269503115
-0.016020543086424168,-0.17966465131213652,0.01294327395487208,-0.18782237974798383
-0.015941720093615733,-0.17953557838979559,0.012882666814329393,-0.18780218951801594
-0.01586184284923634,-0.17940544179731707,0.012821268615734053,-0.1877809063149698
-0.015780908319520913,-0.17927423784814905,0.012759077469640627,-0.1877585244486877
-0.015698913470704377,-0.17914196285573958,0.01269609148660369,-0.18773503822901197
-0.01561585526902167,-0.17900861313353672,0.012632308777177819,-0.18771044196578493
-0.01553173068070771,-0.17887418499498847,0.012567727451917579,-0.18768472996884886
-0.015446536671997435,-0.17873867475354296,0.012502345621377548,-0.1876578965480461
-0.015360270209125768,-0.17860207872264822,0.012436161396112297,-0.18762993601321898
-0.015272928258327633,-0.17846439321575228,0.012369172886676402,-0.18760084267420976
-0.015184507785837967,-0.1783256145463032,0.012301378203624432,-0.1875706108408608
-0.015095005757891692,-0.17818573902774903,0.012232775457510963,-0.1875392348230144
-0.015004419140723738,-0.17804476297353783,0.012163362758890565,-0.18750670893051286
-0.014912744900569022,-0.17790268269711768,0.012093138218317808,-0.18747302747319852
-0.01481998000366249,-0.17775949451193657,0.012022099946347271,-0.18743818476091367
-0.014726121416239062,-0.1776151947314426,0.011950246053533528,-0.18740217510350063
-0.014631166104533667,-0.1774697796690838,0.011877574650431143,-0.18736499281080168
-0.014535111034781232,-0.17732324563830826,0.0118040838475947,-0.18732663219265921
-0.014437953173216684,-0.177175588952564,0.011729771755578763,-0.18728708755891546
-0.014339689486074952,-0.1770268059252991,0.011654636484937907,-0.1872463532194128
-0.014240316939590958,-0.17687689286996156,0.0115786761462267,-0.18720442348399347
-0.014139832499999642,-0.17672584609999947,0.011501888849999727,-0.18716129266249987
-0.014038733479631015,-0.17657504944682062,0.011424486972995435,-0.18711791172422304
-0.013937520472955411,-0.17642588540609558,0.01134668617409262,-0.18707523297419126
-0.013836195369418262,-0.17627834828766664,0.011268489487056343,-0.1870332527258526
-0.013734760058464997,-0.17613243240137616,0.011189899945651687,-0.1869919672926551
-0.013633216429541038,-0.17598813205706643,0.011110920583643717,-0.18695137298804682
-0.01353156637209182,-0.17584544156457976,0.011031554434797508,-0.18691146612547577
-0.013429811775562754,-0.1757043552337585,0.01095180453287813,-0.18687224301839006
-0.013327954529399288,-0.17556486737444488,0.010871673911650654,-0.18683369998023774
-0.013225996523046839,-0.1754269722964813,0.010791165604880157,-0.1867958333244668
-0.01312393964595083,-0.17529066430971002,0.010710282646331705,-0.1867586393645254
-0.0130217857875567,-0.17515593772397337,0.010629028069770377,-0.18672211441386147
-0.012919536837309866,-0.17502278684911368,0.010547404908961238,-0.18668625478592316
-0.012817194684655754,-0.17489120599497324,0.010465416197669363,-0.18665105679415844
-0.012714761219039798,-0.17476118947139435,0.010383064969659826,-0.18661651675201546
-0.012612238329907426,-0.17463273158821935,0.010300354258697695,-0.1865826309729422
-0.012509627906704058,-0.17450582665529057,0.010217287098548043,-0.18654939577038673
-0.012406931838875129,-0.17438046898245027,0.010133866522975947,-0.18651680745779714
-0.01230415201586606,-0.17425665287954079,0.010050095565746474,-0.1864848623486214
-0.012201290327122284,-0.17413437265640447,0.009965977260624696,-0.18645355675630765
-0.012098348662089222,-0.17401362262288356,0.009881514641375688,-0.1864228869943039
-0.011995328910212301,-0.17389439708882043,0.009796710741764515,-0.1863928493760582
-0.011892232960936954,-0.17377669036405738,0.009711568595556257,-0.18636344021501863
-0.011789062703708608,-0.17366049675843673,0.009626091236515982,-0.1863346558246332
-0.011685820027972684,-0.17354581058180074,0.009540281698408766,-0.18630649251835002
-0.011582506823174615,-0.17343262614399177,0.009454143014999675,-0.1862789466096171
-0.011479124978759825,-0.17332093775485213,0.009367678220053789,-0.1862520144118825
-0.011375676384173744,-0.17321073972422413,0.00928089034733617,-0.18622569223859428
-0.011272162928861792,-0.1731020263619501,0.009193782430611894,-0.1861999764032005
-0.011168586502269404,-0.17299479197787232,0.009106357503646035,-0.1861748632191492
-0.01106494899384201,-0.1728890308818331,0.009018618600203669,-0.18615034899988842
-0.010961252293025027,-0.1727847373836748,0.008930568754049855,-0.18612643005886625
-0.01085749828926389,-0.1726819057932397,0.00884221099894968,-0.1861031027095307
-0.01075368887200402,-0.17258053042037008,0.008753548368668205,-0.18608036326532987
-0.010649825930690849,-0.17248060557490832,0.008664583896970508,-0.1860582080397118
-0.010545911354769804,-0.1723821255666967,0.008575320617621658,-0.1860366333461245
-0.010441947033686309,-0.17228508470557755,0.008485761564386726,-0.18601563549801606
-0.010337934856885793,-0.17218947730139314,0.008395909771030788,-0.18599521080883455
-0.010233876713813686,-0.17209529766398582,0.008305768271318915,-0.18597535559202796
-0.010129774493915415,-0.17200254010319788,0.008215340099016177,-0.18595606616104443
-0.010025630086636398,-0.17191119892887166,0.008124628287887648,-0.18593733882933194
-0.009921445381422074,-0.17182126845084947,0.008033635871698397,-0.18591916991033858
-0.009817222267717864,-0.1717327429789736,0.007942365884213501,-0.18590155571751238
-0.009712962634969192,-0.17164561682308638,0.007850821359198025,-0.18588449256430142
-0.009608668372621495,-0.17155988429303012,0.007759005330417049,-0.18586797676415373
-0.009504341370120193,-0.17147553969864712,0.007666920831635637,-0.1858520046305174
-0.009399983516910716,-0.17139257734977972,0.007574570896618869,-0.18583657247684043
-0.009295596702438489,-0.17131099155627022,0.007481958559131811,-0.1858216766165709
-0.009191182816148943,-0.1712307766279609,0.007389086852939536,-0.18580731336315687
-0.009086743747487502,-0.17115192687469416,0.007295958811807121,-0.18579347903004637
-0.00898228138589959,-0.17107443660631222,0.00720257746949963,-0.18578016993068747
-0.008877797620830638,-0.17099830013265743,0.007108945859782138,-0.18576738237852822
-0.008773294341726077,-0.1709235117635721,0.007015067016419721,-0.18575511268701667
-0.00866877343803133,-0.17085006580889855,0.006920943973177449,-0.1857433571696009
-0.008564236799191825,-0.1707779565784791,0.006826579763820391,-0.1857321121397289
-0.008459686314652987,-0.17070717838215604,0.006731977422113622,-0.18572137391084878
-0.008355123873860244,-0.17063772552977172,0.006637139981822212,-0.18571113879640858
-0.008250551366259023,-0.1705695923311684,0.006542070476711231,-0.18570140310985636
-0.008145970681294754,-0.17050277309618844,0.006446771940545759,-0.18569216316464013
-0.008041383708412866,-0.1704372621346741,0.006351247407090862,-0.185683415274208
-0.007936792337058778,-0.17037305375646775,0.0062554999101116105,-0.185675155752008
-0.007832198456677928,-0.1703101422714117,0.006159532483373082,-0.18566738091148816
-0.007727603956715734,-0.1702485219893482,0.006063348160640345,-0.18566008706609655
-0.007623010726617625,-0.17018818722011964,0.005966949975678472,-0.18565327052928124
-0.007518420655829031,-0.1701291322735683,0.005870340962252533,-0.18564692761449025
-0.007413835633795378,-0.17007135145953647,0.005773524154127605,-0.18564105463517167
-0.007309257549962089,-0.1700148390878665,0.005676502585068754,-0.18563564790477355
-0.007204688293774601,-0.16995958946840067,0.005579279288841056,-0.1856307037367439
-0.007100129754678331,-0.16990559691098134,0.005481857299209583,-0.1856262184445308
-0.006995583822118714,-0.16985285572545078,0.005384239649939407,-0.1856221883415823
-0.006891052385541173,-0.1698013602216513,0.005286429374795596,-0.1856186097413465
-0.006786537334391137,-0.16975110470942525,0.0051884295075432275,-0.18561547895727137
-0.006682040558114025,-0.16970208349861493,0.005090243081947367,-0.18561279230280503
-0.006577563946155277,-0.16965429089906264,0.004991873131773093,-0.1856105460913955
-0.006473109387960319,-0.16960772122061069,0.004893322690785477,-0.18560873663649083
-0.006368678772974568,-0.16956236877310138,0.004794594792749587,-0.18560736025153907
-0.00626427399064346,-0.16951822786637707,0.004695692471430498,-0.1856064132499883
-0.006159896930412415,-0.16947529281028006,0.004596618760593281,-0.18560589194528654
-0.006055549481726869,-0.16943355791465264,0.004497376694003008,-0.1856057926508819
-0.005951233534032242,-0.16939301748933713,0.004397969305424752,-0.18560611168022237
-0.005846950976773967,-0.16935366584417585,0.0042983996286235825,-0.185606845346756
-0.005742703699397461,-0.16931549728901113,0.004198670697364569,-0.1856079899639309
-0.0056384935913481645,-0.16927850613368522,0.004098785545412792,-0.1856095418451951
-0.005534322542071496,-0.1692426866880405,0.003998747206533318,-0.18561149730399665
-0.005430192441012887,-0.16920803326191927,0.0038985587144912226,-0.18561385265378358
-0.005326105177617763,-0.1691745401651638,0.003798223103051573,-0.18561660420800397
-0.005222062641331546,-0.16914220170761646,0.0036977434059794418,-0.18561974828010586
-0.0051180667215996725,-0.16911101219911956,0.0035971226570399055,-0.1856232811835373
-0.005014119307867564,-0.16908096594951535,0.003496363889998032,-0.18562719923174636
-0.004910222289580651,-0.1690520572686462,0.0033954701386188953,-0.1856314987381811
-0.004806377556184358,-0.1690242804663544,0.0032944444366675655,-0.18563617601628954
-0.004702586997124113,-0.16899762985248226,0.0031932898179091156,-0.18564122737951974
-0.004598852501845343,-0.16897209973687213,0.003092009316108619,-0.1856466491413198
-0.004495175959793475,-0.16894768442936628,0.002990605965031145,-0.1856524376151377
-0.004391559260413938,-0.16892437823980705,0.002889082798441769,-0.18565858911442154
-0.004288004293152153,-0.16890217547803674,0.002787442850105557,-0.18566509995261934
-0.004184512947453555,-0.16888107045389766,0.0026856891537875884,-0.1856719664431792
-0.004081087112763571,-0.16886105747723212,0.0025838247432529325,-0.18567918489954915
-0.0039777286785276245,-0.16884213085788247,0.0024818526522666596,-0.18568675163517723
-0.0038744395341911405,-0.16882428490569096,0.002379775914593841,-0.18569466296351153
-0.003771221569199553,-0.16880751393049995,0.0022775975639995525,-0.18570291519800006
-0.0036680766729982805,-0.16879181224215173,0.0021753206342488614,-0.18571150465209088
-0.0035650067350327577,-0.16877717415048865,0.0020729481591068434,-0.18572042763923205
-0.0034620136447484125,-0.16876359396535295,0.001970483172338572,-0.18572968047287164
-0.0033590992915906647,-0.16875106599658704,0.0018679287077091138,-0.1857392594664577
-0.003256265565004949,-0.16873958455403315,0.0017652877989835461,-0.18574916093343824
-0.0031535143544366884,-0.16872914394753363,0.0016625634799269358,-0.18575938118726137
-0.0030508475493313107,-0.1687197384869308,0.0015597587843043598,-0.18576991654137512
-0.002948267039134243,-0.16871136248206695,0.0014568767458808867,-0.18578076330922752
-0.0028457747132909134,-0.16870401024278442,0.00135392039842159,-0.18579191780426665
-0.002743372461246746,-0.1686976760789255,0.0012508927756915388,-0.18580337633994057
-0.0026410621724471733,-0.1686923543003325,0.0011477969114558108,-0.1858151352296973
-0.00253884573633762,-0.16868803921684775,0.001044635839479474,-0.18582719078698492
-0.0024367250423635127,-0.16868472513831356,0.0009414125935276015,-0.1858395393252515
-0.0023347019799702783,-0.1686824063745722,0.0008381302073652633,-0.18585217715794505
-0.0022327784386033432,-0.16868107723546608,0.0007347917147575312,-0.18586510059851363
-0.002130956307708138,-0.16868073203083744,0.0006314001494694845,-0.18587830596040533
-0.0020292374767300887,-0.16868136507052858,0.0005279585452661877,-0.18589178955706814
-0.0019276238351146218,-0.16868297066438187,0.00042446993591271394,-0.1859055477019502
-0.0018261172723071637,-0.16868554312223957,0.00032093735517413656,-0.18591957670849948
-0.0017247196777531433,-0.16868907675394404,0.00021736383681552978,-0.18593387289016408
-0.0016234329408979864,-0.16869356586933754,0.00011375241460196008,-0.18594843256039204
-0.0015222589511871207,-0.16869900477826244,1.0106122298503447e-05,-0.1859632520326314
-0.001421199598065974,-0.16870538779056102,-9.357200632976952e-05,-0.18597832762033023
-0.001320256770979972,-0.1687127092160756,-0.0001972789375177862,-0.1859936556369366
-0.0012194323593745394,-0.16872096336464848,-0.0003010116375004785,-0.1860092323958985
-0.0011187282526951118,-0.168730144546122,-0.0004047670725127663,-0.18602505421066406
-0.00101814634038711,-0.16874024707033847,-0.0005085422087895822,-0.1860411173946813
-0.0009176885118959636,-0.16875126524714018,-0.0006123340125658544,-0.18605741826139827
-0.0008173566566670954,-0.16876319338636944,-0.000716139450076515,-0.186073953124263
-0.0007171526641459381,-0.16877602579786857,-0.000819955487556482,-0.18609071829672358
-0.0006170784237779172,-0.16878975679147992,-0.0009237790912406905,-0.18610771009222807
-0.0005171358250084613,-0.16880438067704576,-0.0010276072273640666,-0.1861249248242245
-0.0004173267572829925,-0.1688198917644084,-0.0011314368621615411,-0.1861423588061609
-0.00031765311004694355,-0.1688362843634102,-0.001235264961868037,-0.18616000835148536
-0.00021811677274573973,-0.1688535527838934,-0.001339088492718484,-0.1861778697736459
-0.00011871963482480591,-0.16887169133570037,-0.0014429044209478146,-0.18619593938609064
-1.946358572957973e-05,-0.16889069432867343,-0.001546709712790943,-0.18621421350226755
7.964948509452027e-05,-0.16891055607265487,-0.0016505013344828086,-0.18623268843562474
0.00017861768820206955,-0.168931270877487,-0.0017542762522583396,-0.18625136049961022
0.0002774391341476336,-0.16895283305301212,-0.0018580314323524587,-0.1862702260076721
0.000376111933485791,-0.16897523690907257,-0.001961763841000101,-0.1862892812732584
0.0004746341967711171,-0.16899847675551063,-0.002065470444436192,-0.18630852260981715
0.0005730040345581769,-0.16902254690216867,-0.0021691482088956574,-0.1863279463307964
0.0006712195574015456,-0.16904744165888896,-0.0022727941006134254,-0.1863475487496443
0.0007692788758557998,-0.16907315533551381,-0.002376405085824427,-0.18636732617980878
0.000867180100475511,-0.16909968224188557,-0.00247997813076359,-0.18638727493473797
0.0009649213418152509,-0.1691270166878465,-0.0025835102016658396,-0.18640739132787987
0.0010625007104295887,-0.16915515298323894,-0.002686998264766102,-0.1864276716726826
0.001159916316873105,-0.16918408543790522,-0.0027904392862993137,-0.18644811228259414
0.001257166271700367,-0.16921380836168762,-0.002893830232500395,-0.1864687094710626
0.0013542486854659478,-0.1692443160644285,-0.0029971680696042734,-0.18648945955153598
0.0014511616687244238,-0.16927560285597013,-0.003100449763845884,-0.1865103588374624
0.001547903332030365,-0.16930766304615483,-0.003203672281460151,-0.18653140364228984
0.0016444717859383433,-0.1693404909448249,-0.0033068325886820007,-0.1865525902794664
0.0017408651410029308,-0.16937408086182268,-0.0034099276517463592,-0.18657391506244014
0.0018370815077787073,-0.1694084271069905,-0.0035129544368881615,-0.1865953743046591
0.0019331189968202385,-0.16944352399017062,-0.003615909910342332,-0.1866169643195713
0.0020289757186821005,-0.16947936582120543,-0.0037187910383437986,-0.18663868142062484
0.002124649783918861,-0.16951594690993715,-0.003821594787127486,-0.18666052192126775
0.0022201393030851007,-0.16955326156620815,-0.0039243181229283285,-0.1866824821349481
0.002315442386735388,-0.1695913040998607,-0.004026958011981251,-0.1867045583751139
0.0024105571454242926,-0.16963006882073717,-0.004129511420521177,-0.18672674695521324
0.0025054816897063952,-0.16966955003867987,-0.004231975314783045,-0.18674904418869417
0.002600214130136261,-0.16970974206353104,-0.0043343466610017735,-0.18677144638900475
0.00269475257726847,-0.16975063920513309,-0.004436622425412296,-0.18679394986959302
0.002789095141657585,-0.16979223577332825,-0.004538799574249535,-0.18681655094390703
0.002883239933858189,-0.16983452607795888,-0.004640875073748423,-0.18683924592539483
0.0029771850644248516,-0.16987750442886726,-0.004742845890143892,-0.1868620311275045
0.0030709286439121425,-0.16992116513589575,-0.004844708989670861,-0.18688490286368406
0.0031644687828746364,-0.16996550250888665,-0.004946461338564262,-0.1869078574473816
0.003257803591866907,-0.1700105108576822,-0.005048099903059024,-0.1869308911920451
0.003350931181443528,-0.17005618449212484,-0.005149621649390074,-0.1869540004111227
0.0034438496621590664,-0.17010251772205678,-0.005251023543792336,-0.1869771814180624
0.003536557144568101,-0.1701495048573204,-0.005352302552500745,-0.18700043052631227
0.0036290517392252057,-0.17019714020775795,-0.00545345564175023,-0.18702374404932037
0.0037213315566849486,-0.17024541808321178,-0.005554479777775711,-0.18704711830053475
0.0038133947075019024,-0.1702943327935242,-0.005655371926812118,-0.18707054959340347
0.0039052393022306433,-0.1703438786485375,-0.005756129055094385,-0.18709403424137452
0.003996863451425743,-0.17039404995809407,-0.005856748128857435,-0.18711756855789605
0.004088265265641775,-0.1704448410320361,-0.005957226114336198,-0.18714114885641606
0.004179442855433308,-0.170496246180206,-0.0060575599777655965,-0.1871647714503826
0.00427039433135492,-0.17054825971244608,-0.006157746685380567,-0.18718843265324375
0.004361117803961182,-0.1706008759385986,-0.0062577832034160326,-0.18721212877844753
0.004451611383806664,-0.17065408916850588,-0.006357666498106919,-0.187235856139442
0.004541873181445942,-0.17070789371201028,-0.006457393535688162,-0.18725961104967523
0.00463190130743359,-0.1707622838789541,-0.006556961282394685,-0.1872833898225953
0.004721693872324179,-0.1708172539791796,-0.006656366704461414,-0.18730718877165017
0.0048112489866722775,-0.17087279832252916,-0.0067556067681232785,-0.18733100421028798
0.004900564761032467,-0.17092891121884504,-0.00685467843961521,-0.18735483245195675
0.004989639305959314,-0.1709855869779696,-0.006953578685172132,-0.18737866981010454
0.0050784707320073955,-0.1710428199097451,-0.007052304471028973,-0.18740251259817942
0.005167057149731277,-0.17110060432401392,-0.007150852763420662,-0.18742635712962938
0.005255396669685537,-0.1711589345306183,-0.007249220528582128,-0.18745019971790255
0.005343487402424751,-0.1712178048394006,-0.007347404732748298,-0.18747403667644694
0.005431327458503484,-0.17127720956020315,-0.007445402342154097,-0.1874978643187106
0.005518914948476316,-0.1713371430028682,-0.00754321032303446,-0.1875216789581416
0.005606247982897816,-0.17139759947723812,-0.007640825641624309,-0.18754547690818799
0.005693324672322559,-0.1714585732931552,-0.007738245264158579,-0.18756925448229783
0.005780143127305113,-0.17152005876046172,-0.007835466156872186,-0.18759300799391915
0.005866701458400057,-0.17158205018900005,-0.007932485286000067,-0.18761673375650004
0.005952997776161962,-0.17164454188861247,-0.008029299617777153,-0.1876404280834885
0.006039030191145397,-0.17170752816914134,-0.00812590611843836,-0.18766408728833264
0.006124796813904937,-0.1717710033404289,-0.008222301754218626,-0.18768770768448045
0.006210295754995157,-0.17183496171231752,-0.008318483491352875,-0.18771128558538006
0.00629552512497063,-0.17189939759464948,-0.008414448296076038,-0.18773481730447947
0.006380483034385925,-0.17196430529726708,-0.00851019313462304,-0.18775829915522674
0.006465167593795617,-0.1720296791300127,-0.008605714973228807,-0.1877817274510699
0.006549576913754279,-0.1720955134027286,-0.008701010778128274,-0.18780509850545707
0.006633709104816484,-0.1721618024252571,-0.008796077515556366,-0.18782840863183625
0.006717562277536803,-0.17222854050744052,-0.008890912151748007,-0.1878516541436555
0.006801134542469812,-0.17229572195912116,-0.00898551165293813,-0.1878748313543629
0.006884424010170079,-0.17236334109014137,-0.00907987298536166,-0.18789793657740647
0.0069674287911921816,-0.1724313922103434,-0.009173993115253527,-0.1879209661262343
0.0070501469960906876,-0.17249986962956962,-0.009267869008848656,-0.18794391631429438
0.007132576735420179,-0.1725687676576623,-0.00936149763238198,-0.1879667834550348
0.007214716119735218,-0.1726380806044638,-0.00945487595208842,-0.18798956386190366
0.00729656325959038,-0.1727078027798164,-0.009548000934202909,-0.18801225384834894
0.007378116265540244,-0.1727779284935624,-0.009640869544960377,-0.18803484972781873
0.007459373248139377,-0.17284845205554417,-0.009733478750595749,-0.18805734781376104
0.007540332317942353,-0.17291936777560396,-0.009825825517343952,-0.188079744419624
0.007620991585503743,-0.17299066996358414,-0.00991790681143991,-0.1881020358588556
0.007701349161378125,-0.17306235292932698,-0.010009719599118564,-0.18812421844490393
0.007781403156120068,-0.1731344109826748,-0.010101260846614828,-0.188146288491217
0.007861151680284145,-0.1732068384334699,-0.010192527520163641,-0.1881682423112429
0.007940592844424929,-0.17327962959155463,-0.010283516585999922,-0.18819007621842967
0.008019724759096993,-0.1733527787667713,-0.010374225010358605,-0.1882117865262254
0.00809854553485491,-0.17342628026896217,-0.010464649759474616,-0.18823336954807807
0.008177053282253252,-0.17350012840796963,-0.010554787799582882,-0.18825482159743576
0.008255246111846592,-0.17357431749363594,-0.010644636096918332,-0.18827613898774656
0.008333122134189507,-0.17364884183580342,-0.010734191617715895,-0.1882973180324585
0.008410679459836564,-0.1737236957443144,-0.0108234513282105,-0.1883183550450196
0.008487916199342334,-0.1737988735290112,-0.010912412194637067,-0.18833924633887797
0.008564830463261397,-0.1738743694997361,-0.011001071183230536,-0.18835998822748162
0.008641420362148324,-0.1739501779663314,-0.011089425260225827,-0.18838057702427863
0.008717684006557685,-0.17402629323863947,-0.01117747139185787,-0.18840100904271706
0.008793619507044053,-0.17410270962650257,-0.011265206544361594,-0.1884212805962449
0.008869224974162001,-0.1741794214397631,-0.011352627683971923,-0.18844138799831028
0.008944498518466105,-0.17425642298826324,-0.011439731776923793,-0.18846132756236122
0.009019438250510934,-0.1743337085818454,-0.011526515789452121,-0.18848109560184576
0.009094042280851063,-0.17441127253035188,-0.011612976687791845,-0.18850068843021198
0.009168308720041063,-0.17448910914362498,-0.01169911143817789,-0.1885201023609079
0.00924223567863551,-0.174567212731507,-0.01178491700684518,-0.18853933370738163
0.009315821267188973,-0.17464557760384025,-0.011870390360028646,-0.18855837878308115
0.009389063596256025,-0.17472419807046707,-0.011955528463963217,-0.18857723390145456
0.009461960776391245,-0.17480306844122978,-0.012040328284883823,-0.1885958953759499
0.009534510918149197,-0.17488218302597067,-0.012124786789025383,-0.18861435952001523
0.00960671213208446,-0.17496153613453205,-0.012208900942622837,-0.1886326226470986
0.009678562528751603,-0.17504112207675626,-0.012292667711911103,-0.18865068107064806
0.009750060218705201,-0.17512093516248556,-0.012376084063125119,-0.18866853110411166
0.009821203312499827,-0.17520096970156232,-0.0124591469624998,-0.18868616906093746
0.009891989920690056,-0.17528122000382884,-0.012541853376270088,-0.18870359125457353
0.009962418153830447,-0.1753616803791274,-0.012624200270670894,-0.18872079399846786
0.01003248612247559,-0.17544234513730034,-0.01270618461193716,-0.18873777360606858
0.010102191937180054,-0.17552320858818998,-0.012787803366303814,-0.1887545263908237
0.01017153370849841,-0.17560426504163862,-0.01286905350000578,-0.18877104866618127
0.010240509546985226,-0.17568550880748857,-0.012949931979277983,-0.18878733674558937
0.010309117563195082,-0.17576693419558215,-0.013030435770355356,-0.18880338694249604
0.010377355867682547,-0.17584853551576166,-0.013110561839472824,-0.18881919557034932
0.010445222571002189,-0.1759303070778694,-0.01319030715286531,-0.18883475894259727
0.010512715783708592,-0.17601224319174777,-0.013269668676767758,-0.18885007337268797
0.01057983361635632,-0.176094338167239,-0.013348643377415082,-0.18886513517406944
0.010646574179499954,-0.1761765863141854,-0.013427228221042215,-0.18887994066018973
0.01071293558369406,-0.1762589819424293,-0.013505420173884085,-0.18889448614449691
0.010778915939493207,-0.17634151936181305,-0.013583216202175619,-0.18890876794043904
0.01084451335745198,-0.17642419288217892,-0.013660613272151742,-0.18892278236146415
0.010909725948124943,-0.17650699681336923,-0.013737608350047389,-0.18893652572102032
0.010974551822066666,-0.1765899254652263,-0.013814198402097477,-0.18894999433255558
0.01103898908983173,-0.17667297314759245,-0.013890380394536946,-0.188963184509518
0.011103035861974706,-0.17675613417031,-0.01396615129360072,-0.1889760925653556
0.011166690249050166,-0.1768394028432212,-0.014041508065523725,-0.18898871481351648
0.01122995036161268,-0.17692277347616844,-0.01411644767654089,-0.18900104756744865
0.011292814310216823,-0.177006240378994,-0.014190967092887145,-0.1890130871406002
0.011355280205417168,-0.1770897978615402,-0.014265063280797413,-0.18902482984641916
0.011417346157768286,-0.17717344023364934,-0.014338733206506625,-0.18903627199835357
0.011479010277824752,-0.17725716180516374,-0.014411973836249708,-0.18904740990985153
0.01154027067614114,-0.17734095688592572,-0.014484782136261594,-0.18905823989436105
0.01160112546327202,-0.1774248197857776,-0.01455715507277721,-0.1890687582653302
0.011661572749771965,-0.17750874481456166,-0.014629089612031477,-0.18907896133620705
0.01172161064619555,-0.17759272628212025,-0.014700582720259333,-0.1890888454204396
0.011781237263097346,-0.17767675849829567,-0.014771631363695699,-0.18909840683147597
0.01184045071103192,-0.1777608357729302,-0.014842232508575498,-0.18910764188276416
0.011899249100553856,-0.1778449524158662,-0.014912383121133674,-0.18911654688775226
0.011957630542217724,-0.17792910273694598,-0.014982080167605143,-0.1891251181598883
0.012015593146578095,-0.17801328104601183,-0.015051320614224843,-0.18913335201262033
0.012073135024189535,-0.17809748165290606,-0.015120101427227686,-0.18914124475939642
0.012130254285606627,-0.178181698867471,-0.015188419572848614,-0.1891487927136646
0.012186949041383937,-0.17826592699954896,-0.015256272017322544,-0.18915599218887297
0.012243217402076045,-0.17835016035898227,-0.015323655726884414,-0.18916283949846951
0.012299057478237514,-0.17843439325561322,-0.015390567667769148,-0.18916933095590235
0.012354467380422925,-0.1785186199992841,-0.01545700480621167,-0.18917546287461948
0.01240944521918685,-0.17860283489983725,-0.015522964108446922,-0.18918123156806899
0.012463989105083858,-0.17868703226711502,-0.015588442540709815,-0.18918663334969893
0.012518097148668523,-0.17877120641095967,-0.015653437069235283,-0.18919166453295733
0.012571767460495422,-0.17885535164121352,-0.015717944660258262,-0.18919632143129228
0.012624998151119123,-0.1789394622677189,-0.015781962280013665,-0.1892006003581518
0.012677787331094195,-0.1790235326003181,-0.015845486894736433,-0.18920449762698396
0.012730133110975221,-0.17910755694885344,-0.015908515470661487,-0.18920800955123682
0.012782033601316767,-0.17919152962316728,-0.015971044974023758,-0.1892111324443584
0.012833486912673407,-0.17927544493310188,-0.016033072371058173,-0.18921386261979678
0.012884491155599717,-0.17935929718849955,-0.016094594627999663,-0.189216196391
0.012935044440650268,-0.17944308069920262,-0.01615560871108315,-0.18921813007141614
0.012985144878379628,-0.17952678977505343,-0.016216111586543566,-0.18921965997449322
0.013034790579342372,-0.17961041872589423,-0.016276100220615836,-0.1892207824136793
0.013083979654093077,-0.1796939618615674,-0.01633557157953489,-0.18922149370242244
0.013132710213186315,-0.1797774134919152,-0.016394522629535654,-0.1892217901541707
0.013180980367176654,-0.17986076792678,-0.01645295033685306,-0.18922166808237212
0.013228788226618673,-0.17994401947600405,-0.016510851667722037,-0.18922112380047476
0.013276131902066942,-0.18002716244942968,-0.016568223588377513,-0.18922015362192668
0.013323009504076031,-0.18011019115689925,-0.01662506306505441,-0.18921875386017592
0.013369419143200516,-0.180193099908255,-0.016681367063987658,-0.18921692082867053
0.013415358929994965,-0.1802758830133393,-0.01673713255141218,-0.18921465084085856
0.01346082697501396,-0.18035853478199443,-0.016792356493562918,-0.18921194021018808
0.013505821388812065,-0.18044104952406273,-0.01684703585667479,-0.18920878525010715
0.01355034028194386,-0.1805234215493865,-0.016901167606982726,-0.1892051822740638
0.013594381764963914,-0.18060564516780805,-0.016954748710721654,-0.1892011275955061
0.0136379439484268,-0.1806877146891697,-0.017007776134126504,-0.18919661752788208
0.013681024942887091,-0.18076962442331374,-0.0170602468434322,-0.18919164838463984
0.013723622858899357,-0.1808513686800825,-0.017112157804873667,-0.18918621647922737
0.013765735807018177,-0.18093294176931832,-0.01716350598468585,-0.18918031812509276
0.013807361897798118,-0.18101433800086347,-0.017214288349103657,-0.18917394963568407
0.013848499241793757,-0.18109555168456026,-0.017264501864362028,-0.18916710732444933
0.013889145949559664,-0.18117657713025107,-0.017314143496695883,-0.18915978750483659
0.01392930013165041,-0.18125740864777812,-0.017363210212340153,-0.18915198649029394
0.013968959898620575,-0.1813380405469838,-0.017411698977529776,-0.18914370059426938
0.014008123361024721,-0.18141846713771037,-0.017459606758499658,-0.18913492613021102
0.01404678862941743,-0.1814986827298002,-0.017506930521484748,-0.18912565941156687
0.014084953814353275,-0.18157868163309554,-0.01755366723271997,-0.189115896751785
0.014122617026386824,-0.18165845815743872,-0.01759981385844024,-0.18910563446431347
0.014159776376072651,-0.1817380066126721,-0.0176453673648805,-0.18909486886260032
0.01419642997396533,-0.18181732130863792,-0.017690324718275672,-0.1890835962600936
0.014232575930619433,-0.18189639655517856,-0.01773468288486068,-0.18907181297024137
0.01426821235658953,-0.18197522666213628,-0.017778438830870456,-0.18905951530649168
0.014303337362430198,-0.18205380593935344,-0.01782158952253993,-0.18904669958229262
0.01433794905869601,-0.1821321286966723,-0.017864131926104025,-0.18903336211109217
0.014372045555941538,-0.18221018924393523,-0.01790606300779768,-0.18901949920633843
0.014405624964721352,-0.1822879818909845,-0.01794737973385581,-0.18900510718147945
0.014438685395590027,-0.18236550094766243,-0.017988079070513346,-0.1889901823499633
0.014471224959102138,-0.18244274072381136,-0.018028157984005224,-0.18897472102523796
0.014503241765812254,-0.18251969552927358,-0.01806761344056636,-0.18895871952075158
0.014534733926274947,-0.1825963596738914,-0.01810644240643169,-0.18894217414995215
0.014565699551044795,-0.18267272746750715,-0.01814464184783614,-0.18892508122628773
0.014596136750676367,-0.18274879321996312,-0.01818220873101464,-0.1889074370632064
0.014626043635724235,-0.18282455124110164,-0.018219140022202113,-0.1888892379741562
0.014655418316742976,-0.18289999584076502,-0.018255432687633494,-0.18887048027258516
0.01468425890428716,-0.1829751213287956,-0.018291083693543705,-0.18885116027194138
0.014712563508911357,-0.18304992201503562,-0.018326090006167674,-0.18883127428567284
0.014740330241170147,-0.18312439220932744,-0.018360448591740335,-0.18881081862722768
0.014767557211618097,-0.1831985262215134,-0.018394156416496606,-0.18878978961005388
0.01479424253080978,-0.18327231836143576,-0.018427210446671432,-0.18876818354759956
0.014820384309299774,-0.1833457629389369,-0.018459607648499722,-0.18874599675331272
0.014845980657642649,-0.18341885426385904,-0.018491344988216415,-0.18872322554064141
0.014871029686392973,-0.18349158664604456,-0.018522419432056434,-0.18869986622303372
0.014895529506105322,-0.18356395439533577,-0.01855282794625471,-0.1886759151139377
0.014919478227334271,-0.18363595182157494,-0.018582567497046173,-0.18865136852680137
0.014942873960634392,-0.18370757323460443,-0.01861163505066574,-0.1886262227750728
0.014965714816560253,-0.18377881294426654,-0.01864002757334835,-0.18860047417220005
0.014987998905666437,-0.18384966526040358,-0.018667742031328937,-0.18857411903163118
0.015009724338507509,-0.18392012449285786,-0.01869477539084241,-0.1885471536668142
0.015030889225638043,-0.18399018495147168,-0.018721124618123714,-0.18851957439119724
0.015051491677612612,-0.18405984094608738,-0.018746786679407764,-0.18849137751822828
0.015071529804985788,-0.18412908678654724,-0.0187717585409295,-0.1884625593613554
0.015091001718312142,-0.18419791678269362,-0.018796037168923835,-0.18843311623402664
0.015109905528146254,-0.18426632524436878,-0.018819619529625714,-0.1884030444496901
0.015128239345042694,-0.18433430648141508,-0.018842502589270057,-0.18837234032179379
0.01514600127955603,-0.1844018548036748,-0.01886468331409179,-0.18834100016378574
0.01516318944224084,-0.18446896452099026,-0.018886158670325844,-0.18830902028911406
0.015179801943651695,-0.1845356299432038,-0.018906925624207146,-0.18827639701122678
0.015195836894343166,-0.1846018453801577,-0.018926981141970625,-0.18824312664357196
0.015211292404869826,-0.18466760514169428,-0.018946322189851202,-0.18820920549959763
0.015226166585786254,-0.18473290353765587,-0.01896494573408382,-0.18817462989275185
0.015240457547647017,-0.18479773487788476,-0.01898284874090339,-0.1881393961364827
0.015254163401006687,-0.18486209347222327,-0.019000028176544857,-0.1881035005442382
0.01526728225641984,-0.18492597363051372,-0.01901648100724313,-0.18806693942946642
0.015279812224441046,-0.18498936966259844,-0.019032204199233158,-0.1880297091056154
0.015291751415624883,-0.18505227587831968,-0.01904719471874985,-0.1879918058861332
0.015303097940525916,-0.18511468658751984,-0.01906144953202815,-0.1879532260844679
0.015313849909698717,-0.18517659610004114,-0.019074965605302967,-0.1879139660140675
0.015324005433697876,-0.18523799872572597,-0.019087739904809248,-0.1878740219883801
0.015333562623077942,-0.1852988887744166,-0.019099769396781905,-0.18783339032085372
0.015342519588393508,-0.1853592605559554,-0.019111051047455887,-0.18779206732493645
0.015350874440199135,-0.1854191083801846,-0.019121581823066097,-0.1877500493140763
0.015358625289049398,-0.18547842655694655,-0.019131358689847482,-0.18770733260172134
0.015365770245498876,-0.18553720939608356,-0.019140378614034968,-0.18766391350131964
0.015372307420102127,-0.18559545120743798,-0.019148638561863468,-0.18761978832631926
0.015378234923413737,-0.18565314630085208,-0.01915613549956792,-0.1875749533901682
0.015383550865988279,-0.18571028898616818,-0.019162866393383257,-0.18752940500631454
0.015388253358380316,-0.1857668735732286,-0.0191688282095444,-0.18748313948820636
0.015392340511144433,-0.18582289437187566,-0.01917401791428628,-0.18743615314929166
0.01539581043483519,-0.18587834569195166,-0.019178432473843824,-0.18738844230301854
0.015398661240007171,-0.1859332218432989,-0.019182068854451964,-0.18734000326283506
0.015400891037214941,-0.18598751713575973,-0.019184924022345617,-0.18729083234218924
0.015402497937013078,-0.18604122587917643,-0.019186994943759726,-0.18724092585452912
0.015403480049956154,-0.18609434238339134,-0.019188278584929202,-0.1871902801133028
0.01540383548659874,-0.18614686095824676,-0.019188771912088988,-0.1871388914319583
0.015403562357495406,-0.186198775913585,-0.019188471891474008,-0.18708675612394368
0.015402658773200729,-0.18625008155924835,-0.019187375489319182,-0.18703387050270698
0.015401122844269283,-0.18630077220507918,-0.019185479671859452,-0.1869802308816963
0.015398952681255636,-0.18635084216091974,-0.019182781405329734,-0.18692583357435966
0.015396146394714367,-0.1864002857366124,-0.019179277655964957,-0.18687067489414508
0.015392702095200042,-0.18644909724199943,-0.019174965390000052,-0.18681475115450066
0.015388617893267238,-0.18649727098692317,-0.019169841573669952,-0.18675805866887446
0.01538389189947053,-0.18654480128122594,-0.019163903173209578,-0.1867005937507145
0.015378522224364484,-0.18659168243475002,-0.019157147154853862,-0.18664235271346885
0.01537250697850368,-0.18663790875733774,-0.019149570484837727,-0.18658333187058557
0.015365844272442683,-0.1866834745588314,-0.019141170129396107,-0.18652352753551268
0.015358532216736075,-0.18672837414907334,-0.019131943054763925,-0.18646293602169825
0.015350568921938416,-0.18677260183790587,-0.01912188622717611,-0.18640155364259037
0.015341952498604296,-0.18681615193517126,-0.01911099661286759,-0.18633937671163703
0.015332681057288272,-0.18685901875071187,-0.019099271178073297,-0.18627640154228634
0.015322752708544924,-0.18690119659437,-0.01908670688902816,-0.1862126244479863
0.015312165562928824,-0.18694267977598794,-0.019073300711967098,-0.18614804174218502
0.015300917730994549,-0.18698346260540805,-0.019059049613125045,-0.1860826497383305
0.015289007323296668,-0.1870235393924726,-0.01904395055873693,-0.18601644474987084
0.015276432450389751,-0.18706290444702392,-0.019028000515037682,-0.18594942309025403
0.01526319122282837,-0.18710155207890433,-0.019011196448262217,-0.18588158107292818
0.015249281751167106,-0.18713947659795616,-0.01899353532464548,-0.18581291501134134
0.015234702145960524,-0.18717667231402166,-0.018975014110422385,-0.18574342121894155
0.015219450517763205,-0.1872131335369432,-0.01895562977182787,-0.18567309600917684
0.015203524977129708,-0.18724885457656304,-0.018935379275096857,-0.1856019356954953
0.015186923634614618,-0.18728382974272356,-0.01891425958646428,-0.18552993659134495
0.015169644600772504,-0.18731805334526705,-0.01889226767216506,-0.18545709501017388
0.01515168598615794,-0.1873515196940358,-0.01886940049843413,-0.18538340726543012
0.015133045901325498,-0.18738422309887212,-0.01884565503150641,-0.1853088696705617
0.01511372245682975,-0.18741615786961835,-0.018821028237616843,-0.18523347853901673
0.01509371376322527,-0.1874473183161168,-0.018795517083000344,-0.1851572301842432
0.01507301793106663,-0.18747769874820977,-0.018769118533891845,-0.18508012091968923
0.015051633070908399,-0.18750729347573958,-0.01874182955652627,-0.18500214705880283
0.01502955729330516,-0.18753609680854852,-0.018713647117138563,-0.18492330491503206
0.015006788708811477,-0.18756410305647894,-0.01868456818196363,-0.18484359080182497
0.014983325427981925,-0.18759130652937314,-0.018654589717236412,-0.1847630010326296
0.014959165561371073,-0.18761770153707344,-0.018623708689191835,-0.18468153192089407
0.014934307219533503,-0.18764328238942213,-0.018591922064064823,-0.18459917978006635
0.014908748513023783,-0.18766804339626153,-0.01855922680809031,-0.1845159409235945
0.014882487552396483,-0.18769197886743397,-0.018525619887503224,-0.18443181166492664
0.01485552244820618,-0.18771508311278176,-0.018491098268538488,-0.18434678831751078
0.014827851311007443,-0.1877373504421472,-0.01845565891743103,-0.18426086719479495
0.014799472251354848,-0.1877587751653726,-0.01841929880041578,-0.18417404461022724
0.014770383379802968,-0.18777935159230028,-0.018382014883727663,-0.18408631687725568
0.014740582806906372,-0.18779907403277257,-0.018343804133601618,-0.18399768030932837
0.01471006864321964,-0.18781793679663175,-0.01830466351627256,-0.1839081312198933
0.014678838999297334,-0.18783593419372016,-0.018264589997975426,-0.18381766592239854
0.014646891985694035,-0.1878530605338801,-0.018223580544945134,-0.18372628073029218
0.014614225712964318,-0.18786931012695388,-0.018181632123416627,-0.18363397195702225
0.014580838291662748,-0.18788467728278382,-0.018138741699624816,-0.18354073591603676
0.014546727832343901,-0.18789915631121223,-0.018094906239804642,-0.18344656892078381
0.014511892445562351,-0.18791274152208146,-0.018050122710191033,-0.18335146728471147
0.014476330241872669,-0.18792542722523375,-0.0180043880770189,-0.18325542732126776
0.014440039331829429,-0.18793720773051145,-0.01795769930652319,-0.18315844534390074
0.014403017825987201,-0.1879480773477569,-0.01791005336493882,-0.18306051766605846
0.014365263834900567,-0.18795803038681236,-0.01786144721850073,-0.182961640601189
0.014326775469124088,-0.18796706115752018,-0.017811877833443835,-0.18286181046274036
0.014287550839212342,-0.1879751639697227,-0.017761342176003066,-0.18276102356416063
0.014247588055719905,-0.18798233313326215,-0.017709837212413357,-0.18265927621889785
0.014206885229201343,-0.1879885629579809,-0.017657359908909633,-0.1825565647404001
0.014165440470211232,-0.18799384775372124,-0.017603907231726817,-0.1824528854421154
0.014123251889304146,-0.18799818183032552,-0.017549476147099844,-0.1823482346374918
0.014080317597034661,-0.18800155949763603,-0.01749406362126364,-0.1822426086399774
0.01403663570395734,-0.18800397506549507,-0.017437666620453127,-0.18213600376302022
0.013992204320626764,-0.18800542284374494,-0.017380282110903245,-0.1820284163200683
0.013947021557597503,-0.188005897142228,-0.017321907058848913,-0.1819198426245697
0.01390108552542413,-0.18800539227078655,-0.017262538430525054,-0.18181027898997248
0.013854394334661218,-0.18800390253926288,-0.01720217319216661,-0.1816997217297247
0.01380694609586334,-0.18800142225749933,-0.017140808310008502,-0.1815881671572744
0.013758738919585069,-0.18799794573533818,-0.01707844075028566,-0.18147561158606965
0.01370977091638098,-0.18799346728262178,-0.01701506747923301,-0.18136205132955852
0.013660040196805638,-0.1879879812091924,-0.016950685463085476,-0.18124748270118898
0.013609544871413625,-0.1879814818248924,-0.016885291668077992,-0.18113190201440915
0.013558283050759507,-0.18797396343956407,-0.016818883060445485,-0.1810153055826671
0.013506252845397857,-0.18796542036304972,-0.01675145660642288,-0.18089768971941084
0.013453452365883255,-0.18795584690519168,-0.016683009272245107,-0.18077905073808842
0.013399879722770265,-0.18794523737583224,-0.016613538024147095,-0.18065938495214792
0.01334553302661347,-0.18793358608481373,-0.016543039828363776,-0.18053868867503742
0.013290410387967433,-0.18792088734197843,-0.016471511651130068,-0.1804169582202049
0.013234509917386733,-0.1879071354571687,-0.016398950458680905,-0.18029418990109844
0.013177829725425937,-0.18789232474022682,-0.016325353217251214,-0.18017038003116612
0.013120367922639622,-0.18787644950099514,-0.016250716893075924,-0.18004552492385595
0.01306212261958236,-0.18785950404931592,-0.01617503845238996,-0.17991962089261604
0.013003091926808721,-0.1878414826950315,-0.016098314861428254,-0.1797926642508944
0.012943273954873285,-0.1878223797479842,-0.016020543086425736,-0.1796646513121391
0.01288266681433062,-0.18780218951801636,-0.01594172009361733,-0.17953557838979817
0.012821268615735296,-0.18778090631497024,-0.015861842849237955,-0.1794054417973197
0.012759077469641892,-0.18775852444868815,-0.015780908319522557,-0.17927423784815172
0.012696091486604975,-0.18773503822901247,-0.01569891347070605,-0.17914196285574227
0.012632308777179123,-0.18771044196578543,-0.015615855269023367,-0.17900861313353944
0.012567727451918904,-0.18768472996884938,-0.015531730680709439,-0.17887418499499125
0.012502345621378894,-0.18765789654804665,-0.015446536671999191,-0.17873867475354577
0.012436161396113669,-0.18762993601321956,-0.015360270209127553,-0.17860207872265105
0.012369172886677793,-0.18760084267421037,-0.015272928258329451,-0.17846439321575513
0.012301378203625844,-0.18757061084086143,-0.015184507785839808,-0.17832561454630608
0.012232775457512394,-0.18753923482301507,-0.01509500575789356,-0.17818573902775195
0.012163362758892017,-0.18750670893051355,-0.015004419140725632,-0.17804476297354077
0.012093138218319286,-0.18747302747319924,-0.014912744900570955,-0.17790268269712065
0.012022099946348772,-0.1874381847609144,-0.014819980003664449,-0.17775949451193956
0.01195024605353505,-0.18740217510350138,-0.014726121416241056,-0.17761519473144566
0.01187757465043269,-0.1873649928108025,-0.014631166104535688,-0.1774697796690869
0.011804083847596266,-0.18732663219266002,-0.014535111034783279,-0.1773232456383114
0.011729771755580348,-0.18728708755891632,-0.01443795317321876,-0.17717558895256716
0.011654636484939515,-0.18724635321941366,-0.014339689486077056,-0.17702680592530226
0.011578676146228336,-0.18720442348399438,-0.0142403169395931,-0.17687689286996477
