0.011502 -0.187161 -0.014140 -0.176726 
0.011424 -0.187118 -0.014039 -0.176575 
0.011347 -0.187075 -0.013938 -0.176426 
0.011268 -0.187033 -0.013836 -0.176278 
0.011190 -0.186992 -0.013735 -0.176132 
0.011111 -0.186951 -0.013633 -0.175988 
0.011032 -0.186911 -0.013532 -0.175845 
0.010952 -0.186872 -0.013430 -0.175704 
0.010872 -0.186834 -0.013328 -0.175565 
0.010791 -0.186796 -0.013226 -0.175427 
0.010710 -0.186759 -0.013124 -0.175291 
0.010629 -0.186722 -0.013022 -0.175156 
0.010547 -0.186686 -0.012920 -0.175023 
0.010465 -0.186651 -0.012817 -0.174891 
0.010383 -0.186617 -0.012715 -0.174761 
0.010300 -0.186583 -0.012612 -0.174633 
0.010217 -0.186549 -0.012510 -0.174506 
0.010134 -0.186517 -0.012407 -0.174380 
0.010050 -0.186485 -0.012304 -0.174257 
0.009966 -0.186454 -0.012201 -0.174134 
0.009882 -0.186423 -0.012098 -0.174014 
0.009797 -0.186393 -0.011995 -0.173894 
0.009712 -0.186363 -0.011892 -0.173777 
0.009626 -0.186335 -0.011789 -0.173660 
0.009540 -0.186306 -0.011686 -0.173546 
0.009454 -0.186279 -0.011583 -0.173433 
0.009368 -0.186252 -0.011479 -0.173321 
0.009281 -0.186226 -0.011376 -0.173211 
0.009194 -0.186200 -0.011272 -0.173102 
0.009106 -0.186175 -0.011169 -0.172995 
0.009019 -0.186150 -0.011065 -0.172889 
0.008931 -0.186126 -0.010961 -0.172785 
0.008842 -0.186103 -0.010857 -0.172682 
0.008754 -0.186080 -0.010754 -0.172581 
0.008665 -0.186058 -0.010650 -0.172481 
0.008575 -0.186037 -0.010546 -0.172382 
0.008486 -0.186016 -0.010442 -0.172285 
0.008396 -0.185995 -0.010338 -0.172189 
0.008306 -0.185975 -0.010234 -0.172095 
0.008215 -0.185956 -0.010130 -0.172003 
0.008125 -0.185937 -0.010026 -0.171911 
0.008034 -0.185919 -0.009921 -0.171821 
0.007942 -0.185902 -0.009817 -0.171733 
0.007851 -0.185884 -0.009713 -0.171646 
0.007759 -0.185868 -0.009609 -0.171560 
0.007667 -0.185852 -0.009504 -0.171476 
0.007575 -0.185837 -0.009400 -0.171393 
0.007482 -0.185822 -0.009296 -0.171311 
0.007389 -0.185807 -0.009191 -0.171231 
0.007296 -0.185793 -0.009087 -0.171152 
0.007203 -0.185780 -0.008982 -0.171074 
0.007109 -0.185767 -0.008878 -0.170998 
0.007015 -0.185755 -0.008773 -0.170924 
0.006921 -0.185743 -0.008669 -0.170850 
0.006827 -0.185732 -0.008564 -0.170778 
0.006732 -0.185721 -0.008460 -0.170707 
0.006637 -0.185711 -0.008355 -0.170638 
0.006542 -0.185701 -0.008251 -0.170570 
0.006447 -0.185692 -0.008146 -0.170503 
0.006351 -0.185683 -0.008041 -0.170437 
0.006255 -0.185675 -0.007937 -0.170373 
0.006160 -0.185667 -0.007832 -0.170310 
0.006063 -0.185660 -0.007728 -0.170249 
0.005967 -0.185653 -0.007623 -0.170188 
0.005870 -0.185647 -0.007518 -0.170129 
0.005774 -0.185641 -0.007414 -0.170071 
0.005677 -0.185636 -0.007309 -0.170015 
0.005579 -0.185631 -0.007205 -0.169960 
0.005482 -0.185626 -0.007100 -0.169906 
0.005384 -0.185622 -0.006996 -0.169853 
0.005286 -0.185619 -0.006891 -0.169801 
0.005188 -0.185615 -0.006787 -0.169751 
0.005090 -0.185613 -0.006682 -0.169702 
0.004992 -0.185611 -0.006578 -0.169654 
0.004893 -0.185609 -0.006473 -0.169608 
0.004795 -0.185607 -0.006369 -0.169562 
0.004696 -0.185606 -0.006264 -0.169518 
0.004597 -0.185606 -0.006160 -0.169475 
0.004497 -0.185606 -0.006056 -0.169434 
0.004398 -0.185606 -0.005951 -0.169393 
0.004298 -0.185607 -0.005847 -0.169354 
0.004199 -0.185608 -0.005743 -0.169315 
0.004099 -0.185610 -0.005638 -0.169279 
0.003999 -0.185611 -0.005534 -0.169243 
0.003899 -0.185614 -0.005430 -0.169208 
0.003798 -0.185617 -0.005326 -0.169175 
0.003698 -0.185620 -0.005222 -0.169142 
0.003597 -0.185623 -0.005118 -0.169111 
0.003496 -0.185627 -0.005014 -0.169081 
0.003395 -0.185631 -0.004910 -0.169052 
0.003294 -0.185636 -0.004806 -0.169024 
0.003193 -0.185641 -0.004703 -0.168998 
0.003092 -0.185647 -0.004599 -0.168972 
0.002991 -0.185652 -0.004495 -0.168948 
0.002889 -0.185659 -0.004392 -0.168924 
0.002787 -0.185665 -0.004288 -0.168902 
0.002686 -0.185672 -0.004185 -0.168881 
0.002584 -0.185679 -0.004081 -0.168861 
0.002482 -0.185687 -0.003978 -0.168842 
0.002380 -0.185695 -0.003874 -0.168824 
0.002278 -0.185703 -0.003771 -0.168808 
0.002175 -0.185712 -0.003668 -0.168792 
0.002073 -0.185720 -0.003565 -0.168777 
0.001970 -0.185730 -0.003462 -0.168764 
0.001868 -0.185739 -0.003359 -0.168751 
0.001765 -0.185749 -0.003256 -0.168740 
0.001663 -0.185759 -0.003154 -0.168729 
0.001560 -0.185770 -0.003051 -0.168720 
0.001457 -0.185781 -0.002948 -0.168711 
0.001354 -0.185792 -0.002846 -0.168704 
0.001251 -0.185803 -0.002743 -0.168698 
0.001148 -0.185815 -0.002641 -0.168692 
0.001045 -0.185827 -0.002539 -0.168688 
0.000941 -0.185840 -0.002437 -0.168685 
0.000838 -0.185852 -0.002335 -0.168682 
0.000735 -0.185865 -0.002233 -0.168681 
0.000631 -0.185878 -0.002131 -0.168681 
0.000528 -0.185892 -0.002029 -0.168681 
0.000424 -0.185906 -0.001928 -0.168683 
0.000321 -0.185920 -0.001826 -0.168686 
0.000217 -0.185934 -0.001725 -0.168689 
0.000114 -0.185948 -0.001623 -0.168694 
0.000010 -0.185963 -0.001522 -0.168699 
-0.000094 -0.185978 -0.001421 -0.168705 
-0.000197 -0.185994 -0.001320 -0.168713 
-0.000301 -0.186009 -0.001219 -0.168721 
-0.000405 -0.186025 -0.001119 -0.168730 
-0.000509 -0.186041 -0.001018 -0.168740 
-0.000612 -0.186057 -0.000918 -0.168751 
-0.000716 -0.186074 -0.000817 -0.168763 
-0.000820 -0.186091 -0.000717 -0.168776 
-0.000924 -0.186108 -0.000617 -0.168790 
-0.001028 -0.186125 -0.000517 -0.168804 
-0.001131 -0.186142 -0.000417 -0.168820 
-0.001235 -0.186160 -0.000318 -0.168836 
-0.001339 -0.186178 -0.000218 -0.168854 
-0.001443 -0.186196 -0.000119 -0.168872 
-0.001547 -0.186214 -0.000019 -0.168891 
-0.001651 -0.186233 0.000080 -0.168911 
-0.001754 -0.186251 0.000179 -0.168931 
-0.001858 -0.186270 0.000277 -0.168953 
-0.001962 -0.186289 0.000376 -0.168975 
-0.002065 -0.186309 0.000475 -0.168998 
-0.002169 -0.186328 0.000573 -0.169023 
-0.002273 -0.186348 0.000671 -0.169047 
-0.002376 -0.186367 0.000769 -0.169073 
-0.002480 -0.186387 0.000867 -0.169100 
-0.002584 -0.186407 0.000965 -0.169127 
-0.002687 -0.186428 0.001063 -0.169155 
-0.002790 -0.186448 0.001160 -0.169184 
-0.002894 -0.186469 0.001257 -0.169214 
-0.002997 -0.186489 0.001354 -0.169244 
-0.003100 -0.186510 0.001451 -0.169276 
-0.003204 -0.186531 0.001548 -0.169308 
-0.003307 -0.186553 0.001644 -0.169340 
-0.003410 -0.186574 0.001741 -0.169374 
-0.003513 -0.186595 0.001837 -0.169408 
-0.003616 -0.186617 0.001933 -0.169444 
-0.003719 -0.186639 0.002029 -0.169479 
-0.003822 -0.186661 0.002125 -0.169516 
-0.003924 -0.186682 0.002220 -0.169553 
-0.004027 -0.186705 0.002315 -0.169591 
-0.004130 -0.186727 0.002411 -0.169630 
-0.004232 -0.186749 0.002505 -0.169670 
-0.004334 -0.186771 0.002600 -0.169710 
-0.004437 -0.186794 0.002695 -0.169751 
-0.004539 -0.186817 0.002789 -0.169792 
-0.004641 -0.186839 0.002883 -0.169835 
-0.004743 -0.186862 0.002977 -0.169878 
-0.004845 -0.186885 0.003071 -0.169921 
-0.004946 -0.186908 0.003164 -0.169966 
-0.005048 -0.186931 0.003258 -0.170011 
-0.005150 -0.186954 0.003351 -0.170056 
-0.005251 -0.186977 0.003444 -0.170103 
-0.005352 -0.187000 0.003537 -0.170150 
-0.005453 -0.187024 0.003629 -0.170197 
-0.005554 -0.187047 0.003721 -0.170245 
-0.005655 -0.187071 0.003813 -0.170294 
-0.005756 -0.187094 0.003905 -0.170344 
-0.005857 -0.187118 0.003997 -0.170394 
-0.005957 -0.187141 0.004088 -0.170445 
-0.006058 -0.187165 0.004179 -0.170496 
-0.006158 -0.187188 0.004270 -0.170548 
-0.006258 -0.187212 0.004361 -0.170601 
-0.006358 -0.187236 0.004452 -0.170654 
-0.006457 -0.187260 0.004542 -0.170708 
-0.006557 -0.187283 0.004632 -0.170762 
-0.006656 -0.187307 0.004722 -0.170817 
-0.006756 -0.187331 0.004811 -0.170873 
-0.006855 -0.187355 0.004901 -0.170929 
-0.006954 -0.187379 0.004990 -0.170986 
-0.007052 -0.187403 0.005078 -0.171043 
-0.007151 -0.187426 0.005167 -0.171101 
-0.007249 -0.187450 0.005255 -0.171159 
-0.007347 -0.187474 0.005343 -0.171218 
-0.007445 -0.187498 0.005431 -0.171277 
-0.007543 -0.187522 0.005519 -0.171337 
-0.007641 -0.187545 0.005606 -0.171398 
-0.007738 -0.187569 0.005693 -0.171459 
-0.007835 -0.187593 0.005780 -0.171520 
-0.007932 -0.187617 0.005867 -0.171582 
-0.008029 -0.187640 0.005953 -0.171645 
-0.008126 -0.187664 0.006039 -0.171708 
-0.008222 -0.187688 0.006125 -0.171771 
-0.008318 -0.187711 0.006210 -0.171835 
-0.008414 -0.187735 0.006296 -0.171899 
-0.008510 -0.187758 0.006380 -0.171964 
-0.008606 -0.187782 0.006465 -0.172030 
-0.008701 -0.187805 0.006550 -0.172096 
-0.008796 -0.187828 0.006634 -0.172162 
-0.008891 -0.187852 0.006718 -0.172229 
-0.008986 -0.187875 0.006801 -0.172296 
-0.009080 -0.187898 0.006884 -0.172363 
-0.009174 -0.187921 0.006967 -0.172431 
-0.009268 -0.187944 0.007050 -0.172500 
-0.009361 -0.187967 0.007133 -0.172569 
-0.009455 -0.187990 0.007215 -0.172638 
-0.009548 -0.188012 0.007297 -0.172708 
-0.009641 -0.188035 0.007378 -0.172778 
-0.009733 -0.188057 0.007459 -0.172848 
-0.009826 -0.188080 0.007540 -0.172919 
-0.009918 -0.188102 0.007621 -0.172991 
-0.010010 -0.188124 0.007701 -0.173062 
-0.010101 -0.188146 0.007781 -0.173134 
-0.010193 -0.188168 0.007861 -0.173207 
-0.010284 -0.188190 0.007941 -0.173280 
-0.010374 -0.188212 0.008020 -0.173353 
-0.010465 -0.188233 0.008099 -0.173426 
-0.010555 -0.188255 0.008177 -0.173500 
-0.010645 -0.188276 0.008255 -0.173574 
-0.010734 -0.188297 0.008333 -0.173649 
-0.010823 -0.188318 0.008411 -0.173724 
-0.010912 -0.188339 0.008488 -0.173799 
-0.011001 -0.188360 0.008565 -0.173874 
-0.011089 -0.188381 0.008641 -0.173950 
-0.011177 -0.188401 0.008718 -0.174026 
-0.011265 -0.188421 0.008794 -0.174103 
-0.011353 -0.188441 0.008869 -0.174179 
-0.011440 -0.188461 0.008944 -0.174256 
-0.011527 -0.188481 0.009019 -0.174334 
-0.011613 -0.188501 0.009094 -0.174411 
-0.011699 -0.188520 0.009168 -0.174489 
-0.011785 -0.188539 0.009242 -0.174567 
-0.011870 -0.188558 0.009316 -0.174646 
-0.011956 -0.188577 0.009389 -0.174724 
-0.012040 -0.188596 0.009462 -0.174803 
-0.012125 -0.188614 0.009535 -0.174882 
-0.012209 -0.188633 0.009607 -0.174962 
-0.012293 -0.188651 0.009679 -0.175041 
-0.012376 -0.188669 0.009750 -0.175121 
-0.012459 -0.188686 0.009821 -0.175201 
-0.012542 -0.188704 0.009892 -0.175281 
-0.012624 -0.188721 0.009962 -0.175362 
-0.012706 -0.188738 0.010032 -0.175442 
-0.012788 -0.188755 0.010102 -0.175523 
-0.012869 -0.188771 0.010172 -0.175604 
-0.012950 -0.188787 0.010241 -0.175686 
-0.013030 -0.188803 0.010309 -0.175767 
-0.013111 -0.188819 0.010377 -0.175849 
-0.013190 -0.188835 0.010445 -0.175930 
-0.013270 -0.188850 0.010513 -0.176012 
-0.013349 -0.188865 0.010580 -0.176094 
-0.013427 -0.188880 0.010647 -0.176177 
-0.013505 -0.188894 0.010713 -0.176259 
-0.013583 -0.188909 0.010779 -0.176342 
-0.013661 -0.188923 0.010845 -0.176424 
-0.013738 -0.188937 0.010910 -0.176507 
-0.013814 -0.188950 0.010975 -0.176590 
-0.013890 -0.188963 0.011039 -0.176673 
-0.013966 -0.188976 0.011103 -0.176756 
-0.014042 -0.188989 0.011167 -0.176839 
-0.014116 -0.189001 0.011230 -0.176923 
-0.014191 -0.189013 0.011293 -0.177006 
-0.014265 -0.189025 0.011355 -0.177090 
-0.014339 -0.189036 0.011417 -0.177173 
-0.014412 -0.189047 0.011479 -0.177257 
-0.014485 -0.189058 0.011540 -0.177341 
-0.014557 -0.189069 0.011601 -0.177425 
-0.014629 -0.189079 0.011662 -0.177509 
-0.014701 -0.189089 0.011722 -0.177593 
-0.014772 -0.189098 0.011781 -0.177677 
-0.014842 -0.189108 0.011840 -0.177761 
-0.014912 -0.189117 0.011899 -0.177845 
-0.014982 -0.189125 0.011958 -0.177929 
-0.015051 -0.189133 0.012016 -0.178013 
-0.015120 -0.189141 0.012073 -0.178097 
-0.015188 -0.189149 0.012130 -0.178182 
-0.015256 -0.189156 0.012187 -0.178266 
-0.015324 -0.189163 0.012243 -0.178350 
-0.015391 -0.189169 0.012299 -0.178434 
-0.015457 -0.189175 0.012354 -0.178519 
-0.015523 -0.189181 0.012409 -0.178603 
-0.015588 -0.189187 0.012464 -0.178687 
-0.015653 -0.189192 0.012518 -0.178771 
-0.015718 -0.189196 0.012572 -0.178855 
-0.015782 -0.189201 0.012625 -0.178939 
-0.015845 -0.189204 0.012678 -0.179024 
-0.015909 -0.189208 0.012730 -0.179108 
-0.015971 -0.189211 0.012782 -0.179192 
-0.016033 -0.189214 0.012833 -0.179275 
-0.016095 -0.189216 0.012884 -0.179359 
-0.016156 -0.189218 0.012935 -0.179443 
-0.016216 -0.189220 0.012985 -0.179527 
-0.016276 -0.189221 0.013035 -0.179610 
-0.016336 -0.189221 0.013084 -0.179694 
-0.016395 -0.189222 0.013133 -0.179777 
-0.016453 -0.189222 0.013181 -0.179861 
-0.016511 -0.189221 0.013229 -0.179944 
-0.016568 -0.189220 0.013276 -0.180027 
-0.016625 -0.189219 0.013323 -0.180110 
-0.016681 -0.189217 0.013369 -0.180193 
-0.016737 -0.189215 0.013415 -0.180276 
-0.016792 -0.189212 0.013461 -0.180359 
-0.016847 -0.189209 0.013506 -0.180441 
-0.016901 -0.189205 0.013550 -0.180523 
-0.016955 -0.189201 0.013594 -0.180606 
-0.017008 -0.189197 0.013638 -0.180688 
-0.017060 -0.189192 0.013681 -0.180770 
-0.017112 -0.189186 0.013724 -0.180851 
-0.017164 -0.189180 0.013766 -0.180933 
-0.017214 -0.189174 0.013807 -0.181014 
-0.017265 -0.189167 0.013848 -0.181096 
-0.017314 -0.189160 0.013889 -0.181177 
-0.017363 -0.189152 0.013929 -0.181257 
-0.017412 -0.189144 0.013969 -0.181338 
-0.017460 -0.189135 0.014008 -0.181418 
-0.017507 -0.189126 0.014047 -0.181499 
-0.017554 -0.189116 0.014085 -0.181579 
-0.017600 -0.189106 0.014123 -0.181658 
-0.017645 -0.189095 0.014160 -0.181738 
-0.017690 -0.189084 0.014196 -0.181817 
-0.017735 -0.189072 0.014233 -0.181896 
-0.017778 -0.189060 0.014268 -0.181975 
-0.017822 -0.189047 0.014303 -0.182054 
-0.017864 -0.189033 0.014338 -0.182132 
-0.017906 -0.189019 0.014372 -0.182210 
-0.017947 -0.189005 0.014406 -0.182288 
-0.017988 -0.188990 0.014439 -0.182366 
-0.018028 -0.188975 0.014471 -0.182443 
-0.018068 -0.188959 0.014503 -0.182520 
-0.018106 -0.188942 0.014535 -0.182596 
-0.018145 -0.188925 0.014566 -0.182673 
-0.018182 -0.188907 0.014596 -0.182749 
-0.018219 -0.188889 0.014626 -0.182825 
-0.018255 -0.188870 0.014655 -0.182900 
-0.018291 -0.188851 0.014684 -0.182975 
-0.018326 -0.188831 0.014713 -0.183050 
-0.018360 -0.188811 0.014740 -0.183124 
-0.018394 -0.188790 0.014768 -0.183199 
-0.018427 -0.188768 0.014794 -0.183272 
-0.018460 -0.188746 0.014820 -0.183346 
-0.018491 -0.188723 0.014846 -0.183419 
-0.018522 -0.188700 0.014871 -0.183492 
-0.018553 -0.188676 0.014896 -0.183564 
-0.018583 -0.188651 0.014919 -0.183636 
-0.018612 -0.188626 0.014943 -0.183708 
-0.018640 -0.188600 0.014966 -0.183779 
-0.018668 -0.188574 0.014988 -0.183850 
-0.018695 -0.188547 0.015010 -0.183920 
-0.018721 -0.188520 0.015031 -0.183990 
-0.018747 -0.188491 0.015051 -0.184060 
-0.018772 -0.188463 0.015072 -0.184129 
-0.018796 -0.188433 0.015091 -0.184198 
-0.018820 -0.188403 0.015110 -0.184266 
-0.018843 -0.188372 0.015128 -0.184334 
-0.018865 -0.188341 0.015146 -0.184402 
-0.018886 -0.188309 0.015163 -0.184469 
-0.018907 -0.188276 0.015180 -0.184536 
-0.018927 -0.188243 0.015196 -0.184602 
-0.018946 -0.188209 0.015211 -0.184668 
-0.018965 -0.188175 0.015226 -0.184733 
-0.018983 -0.188139 0.015240 -0.184798 
-0.019000 -0.188104 0.015254 -0.184862 
-0.019016 -0.188067 0.015267 -0.184926 
-0.019032 -0.188030 0.015280 -0.184989 
-0.019047 -0.187992 0.015292 -0.185052 
-0.019061 -0.187953 0.015303 -0.185115 
-0.019075 -0.187914 0.015314 -0.185177 
-0.019088 -0.187874 0.015324 -0.185238 
-0.019100 -0.187833 0.015334 -0.185299 
-0.019111 -0.187792 0.015343 -0.185359 
-0.019122 -0.187750 0.015351 -0.185419 
-0.019131 -0.187707 0.015359 -0.185478 
-0.019140 -0.187664 0.015366 -0.185537 
-0.019149 -0.187620 0.015372 -0.185595 
-0.019156 -0.187575 0.015378 -0.185653 
-0.019163 -0.187529 0.015384 -0.185710 
-0.019169 -0.187483 0.015388 -0.185767 
-0.019174 -0.187436 0.015392 -0.185823 
-0.019178 -0.187388 0.015396 -0.185878 
-0.019182 -0.187340 0.015399 -0.185933 
-0.019185 -0.187291 0.015401 -0.185988 
-0.019187 -0.187241 0.015402 -0.186041 
-0.019188 -0.187190 0.015403 -0.186094 
-0.019189 -0.187139 0.015404 -0.186147 
-0.019188 -0.187087 0.015404 -0.186199 
-0.019187 -0.187034 0.015403 -0.186250 
-0.019185 -0.186980 0.015401 -0.186301 
-0.019183 -0.186926 0.015399 -0.186351 
-0.019179 -0.186871 0.015396 -0.186400 
-0.019175 -0.186815 0.015393 -0.186449 
-0.019170 -0.186758 0.015389 -0.186497 
-0.019164 -0.186701 0.015384 -0.186545 
-0.019157 -0.186642 0.015379 -0.186592 
-0.019150 -0.186583 0.015373 -0.186638 
-0.019141 -0.186524 0.015366 -0.186683 
-0.019132 -0.186463 0.015359 -0.186728 
-0.019122 -0.186402 0.015351 -0.186773 
-0.019111 -0.186339 0.015342 -0.186816 
-0.019099 -0.186276 0.015333 -0.186859 
-0.019087 -0.186213 0.015323 -0.186901 
-0.019073 -0.186148 0.015312 -0.186943 
-0.019059 -0.186083 0.015301 -0.186983 
-0.019044 -0.186016 0.015289 -0.187024 
-0.019028 -0.185949 0.015276 -0.187063 
-0.019011 -0.185882 0.015263 -0.187102 
-0.018994 -0.185813 0.015249 -0.187139 
-0.018975 -0.185743 0.015235 -0.187177 
-0.018956 -0.185673 0.015219 -0.187213 
-0.018935 -0.185602 0.015204 -0.187249 
-0.018914 -0.185530 0.015187 -0.187284 
-0.018892 -0.185457 0.015170 -0.187318 
-0.018869 -0.185383 0.015152 -0.187352 
-0.018846 -0.185309 0.015133 -0.187384 
-0.018821 -0.185233 0.015114 -0.187416 
-0.018796 -0.185157 0.015094 -0.187447 
-0.018769 -0.185080 0.015073 -0.187478 
-0.018742 -0.185002 0.015052 -0.187507 
-0.018714 -0.184923 0.015030 -0.187536 
-0.018685 -0.184844 0.015007 -0.187564 
-0.018655 -0.184763 0.014983 -0.187591 
-0.018624 -0.184682 0.014959 -0.187618 
-0.018592 -0.184599 0.014934 -0.187643 
-0.018559 -0.184516 0.014909 -0.187668 
-0.018526 -0.184432 0.014882 -0.187692 
-0.018491 -0.184347 0.014856 -0.187715 
-0.018456 -0.184261 0.014828 -0.187737 
-0.018419 -0.184174 0.014799 -0.187759 
-0.018382 -0.184086 0.014770 -0.187779 
-0.018344 -0.183998 0.014741 -0.187799 
-0.018305 -0.183908 0.014710 -0.187818 
-0.018265 -0.183818 0.014679 -0.187836 
-0.018224 -0.183726 0.014647 -0.187853 
-0.018182 -0.183634 0.014614 -0.187869 
-0.018139 -0.183541 0.014581 -0.187885 
-0.018095 -0.183447 0.014547 -0.187899 
-0.018050 -0.183351 0.014512 -0.187913 
-0.018004 -0.183255 0.014476 -0.187925 
-0.017958 -0.183158 0.014440 -0.187937 
-0.017910 -0.183061 0.014403 -0.187948 
-0.017861 -0.182962 0.014365 -0.187958 
-0.017812 -0.182862 0.014327 -0.187967 
-0.017761 -0.182761 0.014288 -0.187975 
-0.017710 -0.182659 0.014248 -0.187982 
-0.017657 -0.182557 0.014207 -0.187989 
-0.017604 -0.182453 0.014165 -0.187994 
-0.017549 -0.182348 0.014123 -0.187998 
-0.017494 -0.182243 0.014080 -0.188002 
-0.017438 -0.182136 0.014037 -0.188004 
-0.017380 -0.182028 0.013992 -0.188005 
-0.017322 -0.181920 0.013947 -0.188006 
-0.017263 -0.181810 0.013901 -0.188005 
-0.017202 -0.181700 0.013854 -0.188004 
-0.017141 -0.181588 0.013807 -0.188001 
-0.017078 -0.181476 0.013759 -0.187998 
-0.017015 -0.181362 0.013710 -0.187993 
-0.016951 -0.181247 0.013660 -0.187988 
-0.016885 -0.181132 0.013610 -0.187981 
-0.016819 -0.181015 0.013558 -0.187974 
-0.016751 -0.180898 0.013506 -0.187965 
-0.016683 -0.180779 0.013453 -0.187956 
-0.016614 -0.180659 0.013400 -0.187945 
-0.016543 -0.180539 0.013346 -0.187934 
-0.016472 -0.180417 0.013290 -0.187921 
-0.016399 -0.180294 0.013235 -0.187907 
-0.016325 -0.180170 0.013178 -0.187892 
-0.016251 -0.180046 0.013120 -0.187876 
-0.016175 -0.179920 0.013062 -0.187860 
-0.016098 -0.179793 0.013003 -0.187841 
-0.016021 -0.179665 0.012943 -0.187822 
-0.015942 -0.179536 0.012883 -0.187802 
-0.015862 -0.179405 0.012821 -0.187781 
-0.015781 -0.179274 0.012759 -0.187759 
-0.015699 -0.179142 0.012696 -0.187735 
-0.015616 -0.179009 0.012632 -0.187710 
-0.015532 -0.178874 0.012568 -0.187685 
-0.015447 -0.178739 0.012502 -0.187658 
-0.015360 -0.178602 0.012436 -0.187630 
-0.015273 -0.178464 0.012369 -0.187601 
-0.015185 -0.178326 0.012301 -0.187571 
-0.015095 -0.178186 0.012233 -0.187539 
-0.015004 -0.178045 0.012163 -0.187507 
-0.014913 -0.177903 0.012093 -0.187473 
-0.014820 -0.177759 0.012022 -0.187438 
-0.014726 -0.177615 0.011950 -0.187402 
-0.014631 -0.177470 0.011878 -0.187365 
-0.014535 -0.177323 0.011804 -0.187327 
-0.014438 -0.177176 0.011730 -0.187287 
-0.014340 -0.177027 0.011655 -0.187246 
-0.014240 -0.176877 0.011579 -0.187204 
0.011502 -0.187161 -0.014140 -0.176726 
0.011424 -0.187118 -0.014039 -0.176575 
0.011347 -0.187075 -0.013938 -0.176426 
0.011268 -0.187033 -0.013836 -0.176278 
0.011190 -0.186992 -0.013735 -0.176132 
0.011111 -0.186951 -0.013633 -0.175988 
0.011032 -0.186911 -0.013532 -0.175845 
0.010952 -0.186872 -0.013430 -0.175704 
0.010872 -0.186834 -0.013328 -0.175565 
0.010791 -0.186796 -0.013226 -0.175427 
0.010710 -0.186759 -0.013124 -0.175291 
0.010629 -0.186722 -0.013022 -0.175156 
0.010547 -0.186686 -0.012920 -0.175023 
0.010465 -0.186651 -0.012817 -0.174891 
0.010383 -0.186617 -0.012715 -0.174761 
0.010300 -0.186583 -0.012612 -0.174633 
0.010217 -0.186549 -0.012510 -0.174506 
0.010134 -0.186517 -0.012407 -0.174380 
0.010050 -0.186485 -0.012304 -0.174257 
0.009966 -0.186454 -0.012201 -0.174134 
0.009882 -0.186423 -0.012098 -0.174014 
0.009797 -0.186393 -0.011995 -0.173894 
0.009712 -0.186363 -0.011892 -0.173777 
0.009626 -0.186335 -0.011789 -0.173660 
0.009540 -0.186306 -0.011686 -0.173546 
0.009454 -0.186279 -0.011583 -0.173433 
0.009368 -0.186252 -0.011479 -0.173321 
0.009281 -0.186226 -0.011376 -0.173211 
0.009194 -0.186200 -0.011272 -0.173102 
0.009106 -0.186175 -0.011169 -0.172995 
0.009019 -0.186150 -0.011065 -0.172889 
0.008931 -0.186126 -0.010961 -0.172785 
0.008842 -0.186103 -0.010857 -0.172682 
0.008754 -0.186080 -0.010754 -0.172581 
0.008665 -0.186058 -0.010650 -0.172481 
0.008575 -0.186037 -0.010546 -0.172382 
0.008486 -0.186016 -0.010442 -0.172285 
0.008396 -0.185995 -0.010338 -0.172189 
0.008306 -0.185975 -0.010234 -0.172095 
0.008215 -0.185956 -0.010130 -0.172003 
0.008125 -0.185937 -0.010026 -0.171911 
0.008034 -0.185919 -0.009921 -0.171821 
0.007942 -0.185902 -0.009817 -0.171733 
0.007851 -0.185884 -0.009713 -0.171646 
0.007759 -0.185868 -0.009609 -0.171560 
0.007667 -0.185852 -0.009504 -0.171476 
0.007575 -0.185837 -0.009400 -0.171393 
0.007482 -0.185822 -0.009296 -0.171311 
0.007389 -0.185807 -0.009191 -0.171231 
0.007296 -0.185793 -0.009087 -0.171152 
0.007203 -0.185780 -0.008982 -0.171074 
0.007109 -0.185767 -0.008878 -0.170998 
0.007015 -0.185755 -0.008773 -0.170924 
0.006921 -0.185743 -0.008669 -0.170850 
0.006827 -0.185732 -0.008564 -0.170778 
0.006732 -0.185721 -0.008460 -0.170707 
0.006637 -0.185711 -0.008355 -0.170638 
0.006542 -0.185701 -0.008251 -0.170570 
0.006447 -0.185692 -0.008146 -0.170503 
0.006351 -0.185683 -0.008041 -0.170437 
0.006255 -0.185675 -0.007937 -0.170373 
0.006160 -0.185667 -0.007832 -0.170310 
0.006063 -0.185660 -0.007728 -0.170249 
0.005967 -0.185653 -0.007623 -0.170188 
0.005870 -0.185647 -0.007518 -0.170129 
0.005774 -0.185641 -0.007414 -0.170071 
0.005677 -0.185636 -0.007309 -0.170015 
0.005579 -0.185631 -0.007205 -0.169960 
0.005482 -0.185626 -0.007100 -0.169906 
0.005384 -0.185622 -0.006996 -0.169853 
0.005286 -0.185619 -0.006891 -0.169801 
0.005188 -0.185615 -0.006787 -0.169751 
0.005090 -0.185613 -0.006682 -0.169702 
0.004992 -0.185611 -0.006578 -0.169654 
0.004893 -0.185609 -0.006473 -0.169608 
0.004795 -0.185607 -0.006369 -0.169562 
0.004696 -0.185606 -0.006264 -0.169518 
0.004597 -0.185606 -0.006160 -0.169475 
0.004497 -0.185606 -0.006056 -0.169434 
0.004398 -0.185606 -0.005951 -0.169393 
0.004298 -0.185607 -0.005847 -0.169354 
0.004199 -0.185608 -0.005743 -0.169315 
0.004099 -0.185610 -0.005638 -0.169279 
0.003999 -0.185611 -0.005534 -0.169243 
0.003899 -0.185614 -0.005430 -0.169208 
0.003798 -0.185617 -0.005326 -0.169175 
0.003698 -0.185620 -0.005222 -0.169142 
0.003597 -0.185623 -0.005118 -0.169111 
0.003496 -0.185627 -0.005014 -0.169081 
0.003395 -0.185631 -0.004910 -0.169052 
0.003294 -0.185636 -0.004806 -0.169024 
0.003193 -0.185641 -0.004703 -0.168998 
0.003092 -0.185647 -0.004599 -0.168972 
0.002991 -0.185652 -0.004495 -0.168948 
0.002889 -0.185659 -0.004392 -0.168924 
0.002787 -0.185665 -0.004288 -0.168902 
0.002686 -0.185672 -0.004185 -0.168881 
0.002584 -0.185679 -0.004081 -0.168861 
0.002482 -0.185687 -0.003978 -0.168842 
0.002380 -0.185695 -0.003874 -0.168824 
0.002278 -0.185703 -0.003771 -0.168808 
0.002175 -0.185712 -0.003668 -0.168792 
0.002073 -0.185720 -0.003565 -0.168777 
0.001970 -0.185730 -0.003462 -0.168764 
0.001868 -0.185739 -0.003359 -0.168751 
0.001765 -0.185749 -0.003256 -0.168740 
0.001663 -0.185759 -0.003154 -0.168729 
0.001560 -0.185770 -0.003051 -0.168720 
0.001457 -0.185781 -0.002948 -0.168711 
0.001354 -0.185792 -0.002846 -0.168704 
0.001251 -0.185803 -0.002743 -0.168698 
0.001148 -0.185815 -0.002641 -0.168692 
0.001045 -0.185827 -0.002539 -0.168688 
0.000941 -0.185840 -0.002437 -0.168685 
0.000838 -0.185852 -0.002335 -0.168682 
0.000735 -0.185865 -0.002233 -0.168681 
0.000631 -0.185878 -0.002131 -0.168681 
0.000528 -0.185892 -0.002029 -0.168681 
0.000424 -0.185906 -0.001928 -0.168683 
0.000321 -0.185920 -0.001826 -0.168686 
0.000217 -0.185934 -0.001725 -0.168689 
0.000114 -0.185948 -0.001623 -0.168694 
0.000010 -0.185963 -0.001522 -0.168699 
-0.000094 -0.185978 -0.001421 -0.168705 
-0.000197 -0.185994 -0.001320 -0.168713 
-0.000301 -0.186009 -0.001219 -0.168721 
-0.000405 -0.186025 -0.001119 -0.168730 
-0.000509 -0.186041 -0.001018 -0.168740 
-0.000612 -0.186057 -0.000918 -0.168751 
-0.000716 -0.186074 -0.000817 -0.168763 
-0.000820 -0.186091 -0.000717 -0.168776 
-0.000924 -0.186108 -0.000617 -0.168790 
-0.001028 -0.186125 -0.000517 -0.168804 
-0.001131 -0.186142 -0.000417 -0.168820 
-0.001235 -0.186160 -0.000318 -0.168836 
-0.001339 -0.186178 -0.000218 -0.168854 
-0.001443 -0.186196 -0.000119 -0.168872 
-0.001547 -0.186214 -0.000019 -0.168891 
-0.001651 -0.186233 0.000080 -0.168911 
-0.001754 -0.186251 0.000179 -0.168931 
-0.001858 -0.186270 0.000277 -0.168953 
-0.001962 -0.186289 0.000376 -0.168975 
-0.002065 -0.186309 0.000475 -0.168998 
-0.002169 -0.186328 0.000573 -0.169023 
-0.002273 -0.186348 0.000671 -0.169047 
-0.002376 -0.186367 0.000769 -0.169073 
-0.002480 -0.186387 0.000867 -0.169100 
-0.002584 -0.186407 0.000965 -0.169127 
-0.002687 -0.186428 0.001063 -0.169155 
-0.002790 -0.186448 0.001160 -0.169184 
-0.002894 -0.186469 0.001257 -0.169214 
-0.002997 -0.186489 0.001354 -0.169244 
-0.003100 -0.186510 0.001451 -0.169276 
-0.003204 -0.186531 0.001548 -0.169308 
-0.003307 -0.186553 0.001644 -0.169340 
-0.003410 -0.186574 0.001741 -0.169374 
-0.003513 -0.186595 0.001837 -0.169408 
-0.003616 -0.186617 0.001933 -0.169444 
-0.003719 -0.186639 0.002029 -0.169479 
-0.003822 -0.186661 0.002125 -0.169516 
-0.003924 -0.186682 0.002220 -0.169553 
-0.004027 -0.186705 0.002315 -0.169591 
-0.004130 -0.186727 0.002411 -0.169630 
-0.004232 -0.186749 0.002505 -0.169670 
-0.004334 -0.186771 0.002600 -0.169710 
-0.004437 -0.186794 0.002695 -0.169751 
-0.004539 -0.186817 0.002789 -0.169792 
-0.004641 -0.186839 0.002883 -0.169835 
-0.004743 -0.186862 0.002977 -0.169878 
-0.004845 -0.186885 0.003071 -0.169921 
-0.004946 -0.186908 0.003164 -0.169966 
-0.005048 -0.186931 0.003258 -0.170011 
-0.005150 -0.186954 0.003351 -0.170056 
-0.005251 -0.186977 0.003444 -0.170103 
-0.005352 -0.187000 0.003537 -0.170150 
-0.005453 -0.187024 0.003629 -0.170197 
-0.005554 -0.187047 0.003721 -0.170245 
-0.005655 -0.187071 0.003813 -0.170294 
-0.005756 -0.187094 0.003905 -0.170344 
-0.005857 -0.187118 0.003997 -0.170394 
-0.005957 -0.187141 0.004088 -0.170445 
-0.006058 -0.187165 0.004179 -0.170496 
-0.006158 -0.187188 0.004270 -0.170548 
-0.006258 -0.187212 0.004361 -0.170601 
-0.006358 -0.187236 0.004452 -0.170654 
-0.006457 -0.187260 0.004542 -0.170708 
-0.006557 -0.187283 0.004632 -0.170762 
-0.006656 -0.187307 0.004722 -0.170817 
-0.006756 -0.187331 0.004811 -0.170873 
-0.006855 -0.187355 0.004901 -0.170929 
-0.006954 -0.187379 0.004990 -0.170986 
-0.007052 -0.187403 0.005078 -0.171043 
-0.007151 -0.187426 0.005167 -0.171101 
-0.007249 -0.187450 0.005255 -0.171159 
-0.007347 -0.187474 0.005343 -0.171218 
-0.007445 -0.187498 0.005431 -0.171277 
-0.007543 -0.187522 0.005519 -0.171337 
-0.007641 -0.187545 0.005606 -0.171398 
-0.007738 -0.187569 0.005693 -0.171459 
-0.007835 -0.187593 0.005780 -0.171520 
-0.007932 -0.187617 0.005867 -0.171582 
-0.008029 -0.187640 0.005953 -0.171645 
-0.008126 -0.187664 0.006039 -0.171708 
-0.008222 -0.187688 0.006125 -0.171771 
-0.008318 -0.187711 0.006210 -0.171835 
-0.008414 -0.187735 0.006296 -0.171899 
-0.008510 -0.187758 0.006380 -0.171964 
-0.008606 -0.187782 0.006465 -0.172030 
-0.008701 -0.187805 0.006550 -0.172096 
-0.008796 -0.187828 0.006634 -0.172162 
-0.008891 -0.187852 0.006718 -0.172229 
-0.008986 -0.187875 0.006801 -0.172296 
-0.009080 -0.187898 0.006884 -0.172363 
-0.009174 -0.187921 0.006967 -0.172431 
-0.009268 -0.187944 0.007050 -0.172500 
-0.009361 -0.187967 0.007133 -0.172569 
-0.009455 -0.187990 0.007215 -0.172638 
-0.009548 -0.188012 0.007297 -0.172708 
-0.009641 -0.188035 0.007378 -0.172778 
-0.009733 -0.188057 0.007459 -0.172848 
-0.009826 -0.188080 0.007540 -0.172919 
-0.009918 -0.188102 0.007621 -0.172991 
-0.010010 -0.188124 0.007701 -0.173062 
-0.010101 -0.188146 0.007781 -0.173134 
-0.010193 -0.188168 0.007861 -0.173207 
-0.010284 -0.188190 0.007941 -0.173280 
-0.010374 -0.188212 0.008020 -0.173353 
-0.010465 -0.188233 0.008099 -0.173426 
-0.010555 -0.188255 0.008177 -0.173500 
-0.010645 -0.188276 0.008255 -0.173574 
-0.010734 -0.188297 0.008333 -0.173649 
-0.010823 -0.188318 0.008411 -0.173724 
-0.010912 -0.188339 0.008488 -0.173799 
-0.011001 -0.188360 0.008565 -0.173874 
-0.011089 -0.188381 0.008641 -0.173950 
-0.011177 -0.188401 0.008718 -0.174026 
-0.011265 -0.188421 0.008794 -0.174103 
-0.011353 -0.188441 0.008869 -0.174179 
-0.011440 -0.188461 0.008944 -0.174256 
-0.011527 -0.188481 0.009019 -0.174334 
-0.011613 -0.188501 0.009094 -0.174411 
-0.011699 -0.188520 0.009168 -0.174489 
-0.011785 -0.188539 0.009242 -0.174567 
-0.011870 -0.188558 0.009316 -0.174646 
-0.011956 -0.188577 0.009389 -0.174724 
-0.012040 -0.188596 0.009462 -0.174803 
-0.012125 -0.188614 0.009535 -0.174882 
-0.012209 -0.188633 0.009607 -0.174962 
-0.012293 -0.188651 0.009679 -0.175041 
-0.012376 -0.188669 0.009750 -0.175121 
-0.012459 -0.188686 0.009821 -0.175201 
-0.012542 -0.188704 0.009892 -0.175281 
-0.012624 -0.188721 0.009962 -0.175362 
-0.012706 -0.188738 0.010032 -0.175442 
-0.012788 -0.188755 0.010102 -0.175523 
-0.012869 -0.188771 0.010172 -0.175604 
-0.012950 -0.188787 0.010241 -0.175686 
-0.013030 -0.188803 0.010309 -0.175767 
-0.013111 -0.188819 0.010377 -0.175849 
-0.013190 -0.188835 0.010445 -0.175930 
-0.013270 -0.188850 0.010513 -0.176012 
-0.013349 -0.188865 0.010580 -0.176094 
-0.013427 -0.188880 0.010647 -0.176177 
-0.013505 -0.188894 0.010713 -0.176259 
-0.013583 -0.188909 0.010779 -0.176342 
-0.013661 -0.188923 0.010845 -0.176424 
-0.013738 -0.188937 0.010910 -0.176507 
-0.013814 -0.188950 0.010975 -0.176590 
-0.013890 -0.188963 0.011039 -0.176673 
-0.013966 -0.188976 0.011103 -0.176756 
-0.014042 -0.188989 0.011167 -0.176839 
-0.014116 -0.189001 0.011230 -0.176923 
-0.014191 -0.189013 0.011293 -0.177006 
-0.014265 -0.189025 0.011355 -0.177090 
-0.014339 -0.189036 0.011417 -0.177173 
-0.014412 -0.189047 0.011479 -0.177257 
-0.014485 -0.189058 0.011540 -0.177341 
-0.014557 -0.189069 0.011601 -0.177425 
-0.014629 -0.189079 0.011662 -0.177509 
-0.014701 -0.189089 0.011722 -0.177593 
-0.014772 -0.189098 0.011781 -0.177677 
-0.014842 -0.189108 0.011840 -0.177761 
-0.014912 -0.189117 0.011899 -0.177845 
-0.014982 -0.189125 0.011958 -0.177929 
-0.015051 -0.189133 0.012016 -0.178013 
-0.015120 -0.189141 0.012073 -0.178097 
-0.015188 -0.189149 0.012130 -0.178182 
-0.015256 -0.189156 0.012187 -0.178266 
-0.015324 -0.189163 0.012243 -0.178350 
-0.015391 -0.189169 0.012299 -0.178434 
-0.015457 -0.189175 0.012354 -0.178519 
-0.015523 -0.189181 0.012409 -0.178603 
-0.015588 -0.189187 0.012464 -0.178687 
-0.015653 -0.189192 0.012518 -0.178771 
-0.015718 -0.189196 0.012572 -0.178855 
-0.015782 -0.189201 0.012625 -0.178939 
-0.015845 -0.189204 0.012678 -0.179024 
-0.015909 -0.189208 0.012730 -0.179108 
-0.015971 -0.189211 0.012782 -0.179192 
-0.016033 -0.189214 0.012833 -0.179275 
-0.016095 -0.189216 0.012884 -0.179359 
-0.016156 -0.189218 0.012935 -0.179443 
-0.016216 -0.189220 0.012985 -0.179527 
-0.016276 -0.189221 0.013035 -0.179610 
-0.016336 -0.189221 0.013084 -0.179694 
-0.016395 -0.189222 0.013133 -0.179777 
-0.016453 -0.189222 0.013181 -0.179861 
-0.016511 -0.189221 0.013229 -0.179944 
-0.016568 -0.189220 0.013276 -0.180027 
-0.016625 -0.189219 0.013323 -0.180110 
-0.016681 -0.189217 0.013369 -0.180193 
-0.016737 -0.189215 0.013415 -0.180276 
-0.016792 -0.189212 0.013461 -0.180359 
-0.016847 -0.189209 0.013506 -0.180441 
-0.016901 -0.189205 0.013550 -0.180523 
-0.016955 -0.189201 0.013594 -0.180606 
-0.017008 -0.189197 0.013638 -0.180688 
-0.017060 -0.189192 0.013681 -0.180770 
-0.017112 -0.189186 0.013724 -0.180851 
-0.017164 -0.189180 0.013766 -0.180933 
-0.017214 -0.189174 0.013807 -0.181014 
-0.017265 -0.189167 0.013848 -0.181096 
-0.017314 -0.189160 0.013889 -0.181177 
-0.017363 -0.189152 0.013929 -0.181257 
-0.017412 -0.189144 0.013969 -0.181338 
-0.017460 -0.189135 0.014008 -0.181418 
-0.017507 -0.189126 0.014047 -0.181499 
-0.017554 -0.189116 0.014085 -0.181579 
-0.017600 -0.189106 0.014123 -0.181658 
-0.017645 -0.189095 0.014160 -0.181738 
-0.017690 -0.189084 0.014196 -0.181817 
-0.017735 -0.189072 0.014233 -0.181896 
-0.017778 -0.189060 0.014268 -0.181975 
-0.017822 -0.189047 0.014303 -0.182054 
-0.017864 -0.189033 0.014338 -0.182132 
-0.017906 -0.189019 0.014372 -0.182210 
-0.017947 -0.189005 0.014406 -0.182288 
-0.017988 -0.188990 0.014439 -0.182366 
-0.018028 -0.188975 0.014471 -0.182443 
-0.018068 -0.188959 0.014503 -0.182520 
-0.018106 -0.188942 0.014535 -0.182596 
-0.018145 -0.188925 0.014566 -0.182673 
-0.018182 -0.188907 0.014596 -0.182749 
-0.018219 -0.188889 0.014626 -0.182825 
-0.018255 -0.188870 0.014655 -0.182900 
-0.018291 -0.188851 0.014684 -0.182975 
-0.018326 -0.188831 0.014713 -0.183050 
-0.018360 -0.188811 0.014740 -0.183124 
-0.018394 -0.188790 0.014768 -0.183199 
-0.018427 -0.188768 0.014794 -0.183272 
-0.018460 -0.188746 0.014820 -0.183346 
-0.018491 -0.188723 0.014846 -0.183419 
-0.018522 -0.188700 0.014871 -0.183492 
-0.018553 -0.188676 0.014896 -0.183564 
-0.018583 -0.188651 0.014919 -0.183636 
-0.018612 -0.188626 0.014943 -0.183708 
-0.018640 -0.188600 0.014966 -0.183779 
-0.018668 -0.188574 0.014988 -0.183850 
-0.018695 -0.188547 0.015010 -0.183920 
-0.018721 -0.188520 0.015031 -0.183990 
-0.018747 -0.188491 0.015051 -0.184060 
-0.018772 -0.188463 0.015072 -0.184129 
-0.018796 -0.188433 0.015091 -0.184198 
-0.018820 -0.188403 0.015110 -0.184266 
-0.018843 -0.188372 0.015128 -0.184334 
-0.018865 -0.188341 0.015146 -0.184402 
-0.018886 -0.188309 0.015163 -0.184469 
-0.018907 -0.188276 0.015180 -0.184536 
-0.018927 -0.188243 0.015196 -0.184602 
-0.018946 -0.188209 0.015211 -0.184668 
-0.018965 -0.188175 0.015226 -0.184733 
-0.018983 -0.188139 0.015240 -0.184798 
-0.019000 -0.188104 0.015254 -0.184862 
-0.019016 -0.188067 0.015267 -0.184926 
-0.019032 -0.188030 0.015280 -0.184989 
-0.019047 -0.187992 0.015292 -0.185052 
-0.019061 -0.187953 0.015303 -0.185115 
-0.019075 -0.187914 0.015314 -0.185177 
-0.019088 -0.187874 0.015324 -0.185238 
-0.019100 -0.187833 0.015334 -0.185299 
-0.019111 -0.187792 0.015343 -0.185359 
-0.019122 -0.187750 0.015351 -0.185419 
-0.019131 -0.187707 0.015359 -0.185478 
-0.019140 -0.187664 0.015366 -0.185537 
-0.019149 -0.187620 0.015372 -0.185595 
-0.019156 -0.187575 0.015378 -0.185653 
-0.019163 -0.187529 0.015384 -0.185710 
-0.019169 -0.187483 0.015388 -0.185767 
-0.019174 -0.187436 0.015392 -0.185823 
-0.019178 -0.187388 0.015396 -0.185878 
-0.019182 -0.187340 0.015399 -0.185933 
-0.019185 -0.187291 0.015401 -0.185988 
-0.019187 -0.187241 0.015402 -0.186041 
-0.019188 -0.187190 0.015403 -0.186094 
-0.019189 -0.187139 0.015404 -0.186147 
-0.019188 -0.187087 0.015404 -0.186199 
-0.019187 -0.187034 0.015403 -0.186250 
-0.019185 -0.186980 0.015401 -0.186301 
-0.019183 -0.186926 0.015399 -0.186351 
-0.019179 -0.186871 0.015396 -0.186400 
-0.019175 -0.186815 0.015393 -0.186449 
-0.019170 -0.186758 0.015389 -0.186497 
-0.019164 -0.186701 0.015384 -0.186545 
-0.019157 -0.186642 0.015379 -0.186592 
-0.019150 -0.186583 0.015373 -0.186638 
-0.019141 -0.186524 0.015366 -0.186683 
-0.019132 -0.186463 0.015359 -0.186728 
-0.019122 -0.186402 0.015351 -0.186773 
-0.019111 -0.186339 0.015342 -0.186816 
-0.019099 -0.186276 0.015333 -0.186859 
-0.019087 -0.186213 0.015323 -0.186901 
-0.019073 -0.186148 0.015312 -0.186943 
-0.019059 -0.186083 0.015301 -0.186983 
-0.019044 -0.186016 0.015289 -0.187024 
-0.019028 -0.185949 0.015276 -0.187063 
-0.019011 -0.185882 0.015263 -0.187102 
-0.018994 -0.185813 0.015249 -0.187139 
-0.018975 -0.185743 0.015235 -0.187177 
-0.018956 -0.185673 0.015219 -0.187213 
-0.018935 -0.185602 0.015204 -0.187249 
-0.018914 -0.185530 0.015187 -0.187284 
-0.018892 -0.185457 0.015170 -0.187318 
-0.018869 -0.185383 0.015152 -0.187352 
-0.018846 -0.185309 0.015133 -0.187384 
-0.018821 -0.185233 0.015114 -0.187416 
-0.018796 -0.185157 0.015094 -0.187447 
-0.018769 -0.185080 0.015073 -0.187478 
-0.018742 -0.185002 0.015052 -0.187507 
-0.018714 -0.184923 0.015030 -0.187536 
-0.018685 -0.184844 0.015007 -0.187564 
-0.018655 -0.184763 0.014983 -0.187591 
-0.018624 -0.184682 0.014959 -0.187618 
-0.018592 -0.184599 0.014934 -0.187643 
-0.018559 -0.184516 0.014909 -0.187668 
-0.018526 -0.184432 0.014882 -0.187692 
-0.018491 -0.184347 0.014856 -0.187715 
-0.018456 -0.184261 0.014828 -0.187737 
-0.018419 -0.184174 0.014799 -0.187759 
-0.018382 -0.184086 0.014770 -0.187779 
-0.018344 -0.183998 0.014741 -0.187799 
-0.018305 -0.183908 0.014710 -0.187818 
-0.018265 -0.183818 0.014679 -0.187836 
-0.018224 -0.183726 0.014647 -0.187853 
-0.018182 -0.183634 0.014614 -0.187869 
-0.018139 -0.183541 0.014581 -0.187885 
-0.018095 -0.183447 0.014547 -0.187899 
-0.018050 -0.183351 0.014512 -0.187913 
-0.018004 -0.183255 0.014476 -0.187925 
-0.017958 -0.183158 0.014440 -0.187937 
-0.017910 -0.183061 0.014403 -0.187948 
-0.017861 -0.182962 0.014365 -0.187958 
-0.017812 -0.182862 0.014327 -0.187967 
-0.017761 -0.182761 0.014288 -0.187975 
-0.017710 -0.182659 0.014248 -0.187982 
-0.017657 -0.182557 0.014207 -0.187989 
-0.017604 -0.182453 0.014165 -0.187994 
-0.017549 -0.182348 0.014123 -0.187998 
-0.017494 -0.182243 0.014080 -0.188002 
-0.017438 -0.182136 0.014037 -0.188004 
-0.017380 -0.182028 0.013992 -0.188005 
-0.017322 -0.181920 0.013947 -0.188006 
-0.017263 -0.181810 0.013901 -0.188005 
-0.017202 -0.181700 0.013854 -0.188004 
-0.017141 -0.181588 0.013807 -0.188001 
-0.017078 -0.181476 0.013759 -0.187998 
-0.017015 -0.181362 0.013710 -0.187993 
-0.016951 -0.181247 0.013660 -0.187988 
-0.016885 -0.181132 0.013610 -0.187981 
-0.016819 -0.181015 0.013558 -0.187974 
-0.016751 -0.180898 0.013506 -0.187965 
-0.016683 -0.180779 0.013453 -0.187956 
-0.016614 -0.180659 0.013400 -0.187945 
-0.016543 -0.180539 0.013346 -0.187934 
-0.016472 -0.180417 0.013290 -0.187921 
-0.016399 -0.180294 0.013235 -0.187907 
-0.016325 -0.180170 0.013178 -0.187892 
-0.016251 -0.180046 0.013120 -0.187876 
-0.016175 -0.179920 0.013062 -0.187860 
-0.016098 -0.179793 0.013003 -0.187841 
-0.016021 -0.179665 0.012943 -0.187822 
-0.015942 -0.179536 0.012883 -0.187802 
-0.015862 -0.179405 0.012821 -0.187781 
-0.015781 -0.179274 0.012759 -0.187759 
-0.015699 -0.179142 0.012696 -0.187735 
-0.015616 -0.179009 0.012632 -0.187710 
-0.015532 -0.178874 0.012568 -0.187685 
-0.015447 -0.178739 0.012502 -0.187658 
-0.015360 -0.178602 0.012436 -0.187630 
-0.015273 -0.178464 0.012369 -0.187601 
-0.015185 -0.178326 0.012301 -0.187571 
-0.015095 -0.178186 0.012233 -0.187539 
-0.015004 -0.178045 0.012163 -0.187507 
-0.014913 -0.177903 0.012093 -0.187473 
-0.014820 -0.177759 0.012022 -0.187438 
-0.014726 -0.177615 0.011950 -0.187402 
-0.014631 -0.177470 0.011878 -0.187365 
-0.014535 -0.177323 0.011804 -0.187327 
-0.014438 -0.177176 0.011730 -0.187287 
-0.014340 -0.177027 0.011655 -0.187246 
-0.014240 -0.176877 0.011579 -0.187204 
-0.014140 -0.176726 0.011502 -0.187161 
