Iter | Sampling Pol | Evaluation Pol | Best (Sampled) 
   0 -0.40 -3.32 -100000000.00 
   1 -3.88 -0.60 -0.40 
   2 -0.19 -0.81 -0.40 
   3  1.09  0.02 -0.19 
   4  0.45  0.88  1.09 
   5  2.59 -0.25  1.09 
   6  4.02  0.32  2.59 
   7  2.60 -0.26  4.02 
   8  4.13  0.78  4.02 
   9  4.25  0.28  4.13 
  10  8.81  1.35  4.25 
  11  0.42  1.80  8.81 
  12  5.48  1.46  8.81 
  13  6.95  5.36  8.81 
  14  4.95  4.33  8.81 
  15 -0.32  3.44  8.81 
  16  6.78  6.62  8.81 
  17  5.48  7.99  8.81 
  18  7.69  7.56  8.81 
  19  9.80  6.73  8.81 
  20 19.65  7.56  9.80 
  21  9.02  9.03 19.65 
  22 12.11 12.86 19.65 
  23 16.48 18.58 19.65 
  24 18.11 17.49 19.65 
  25 18.63 16.12 19.65 
  26 16.29 22.14 19.65 
  27 20.94 15.38 19.65 
  28 23.74 15.06 20.94 
  29 20.30 26.64 23.74 
  30 24.58 23.80 23.74 
  31 21.03 23.62 24.58 
  32 19.89 36.57 24.58 
  33 23.78 21.86 24.58 
  34 34.94 31.19 24.58 
  35 30.68 21.94 34.94 
  36 31.62 19.63 34.94 
  37 25.05 11.81 34.94 
  38 32.45 16.61 34.94 
  39 26.85 15.13 34.94 
  40 18.26 25.57 34.94 
  41 29.41 26.63 34.94 
  42 40.54 31.53 34.94 
  43 29.14 18.38 40.54 
  44 36.34 30.26 40.54 
  45 38.64 28.43 40.54 
  46 29.29 20.15 40.54 
  47 36.49 25.32 40.54 
  48 28.01 27.53 40.54 
  49 31.32 25.73 40.54 
  50 33.13 29.84 40.54 
  51 41.32 34.68 40.54 
  52 39.48 39.26 41.32 
  53 38.76 33.00 41.32 
  54 41.67 34.33 41.32 
  55 34.83 37.44 41.67 
  56 42.14 38.10 41.67 
  57 44.02 45.89 42.14 
  58 42.82 43.58 44.02 
  59 45.38 48.71 44.02 
  60 50.12 50.84 45.38 
  61 50.84 59.35 50.12 
  62 64.43 67.09 50.84 
  63 62.79 60.96 64.43 
  64 77.62 64.31 64.43 
  65 73.38 69.38 77.62 
  66 65.63 62.45 77.62 
  67 67.66 62.87 77.62 
  68 68.02 64.29 77.62 
  69 84.40 72.61 77.62 
  70 94.29 56.48 84.40 
  71 86.53 56.24 94.29 
  72 79.65 56.85 94.29 
  73 108.75 63.46 94.29 
  74 111.50 61.15 108.75 
  75 95.63 54.42 111.50 
  76 109.32 49.28 111.50 
  77 163.89 47.19 111.50 
  78 120.19 48.08 163.89 
  79 153.05 46.20 163.89 
  80 168.99 48.52 163.89 
  81 187.38 53.17 168.99 
  82 200.97 51.09 187.38 
  83 229.95 47.29 200.97 
  84 248.18 43.65 229.95 
  85 323.03 52.88 248.18 
  86 503.57 27.45 323.03 
  87 285.44 41.58 503.57 
  88 514.52 10.44 503.57 
  89 231.57 24.61 514.52 
  90 267.96 39.11 514.52 
  91 260.29 49.97 514.52 
  92 354.56 27.10 514.52 
  93 241.39 45.39 514.52 
  94 408.54 48.45 514.52 
  95 337.02 49.88 514.52 
  96 385.26 49.95 514.52 
  97 469.14 52.11 514.52 
  98 459.78 51.93 514.52 
  99 514.00 54.79 514.52 
