int ARS_matrixA[10][10] = 
{
{0,96,-79,50,-40,0,-72,32,-66,-63},
{0,-203,203,-98,0,0,111,-121,81,134},
{0,329,-465,103,440,0,84,489,188,-398},
{0,1,78,23,-42,0,-77,-67,-47,122},
{0,-161,152,-77,-50,0,80,-117,29,82},
{0,28,-30,15,-26,0,-24,9,-24,-22},
{0,66,-105,19,51,0,12,89,19,-105},
{0,-507,778,-157,-647,0,-122,-722,-231,638},
{0,36,-72,10,88,0,20,60,26,-36},
{0,-196,372,-37,-405,0,-154,-392,-200,334}
};
int ARS_matrixB[10] = {1157223,-1091713,-5181881,11896,254570,573219,-237393,6048866,-799532,4531203};