0.000000000000000000e+00 0.000000000000000000e+00 0.000000000000000000e+00 0.000000000000000000e+00 0.000000000000000000e+00 0.000000000000000000e+00 0.000000000000000000e+00 0.000000000000000000e+00 0.000000000000000000e+00 0.000000000000000000e+00 0.000000000000000000e+00
1.000000000000000000e+00 0.000000000000000000e+00 4.441112543862251773e-03 2.307485943341014770e-02 -2.439202152869585083e-02 -2.620084855840896804e-03 0.000000000000000000e+00 -2.397408932419837005e-02 -2.817472955087612415e-03 4.919954135910168357e-03 2.280501164169521783e-02
2.000000000000000000e+00 0.000000000000000000e+00 7.987535087388093757e-03 4.919401624715683680e-02 -5.255240695025181763e-02 -4.001441388540814652e-03 0.000000000000000000e+00 -5.249448554811286805e-02 -4.006846936529992118e-03 8.078412321687327910e-03 4.920155058092047506e-02
3.000000000000000000e+00 0.000000000000000000e+00 1.089059863723883942e-02 7.295970844487102702e-02 -7.933092016566375970e-02 -4.554343659622954975e-03 0.000000000000000000e+00 -7.931386530959436132e-02 -4.545377593163165905e-03 1.093898435896619413e-02 7.298159852576317774e-02
4.000000000000000000e+00 0.000000000000000000e+00 1.301871897781811151e-02 9.491271796980332853e-02 -1.048108339070305678e-01 -4.213858785236364660e-03 0.000000000000000000e+00 -1.048242583897169150e-01 -4.195300538461278067e-03 1.303592874646894439e-02 9.494338824675994937e-02
5.000000000000000000e+00 0.000000000000000000e+00 1.441563011958497606e-02 1.151352707606881909e-01 -1.290194086172656573e-01 -3.042192097851725840e-03 0.000000000000000000e+00 -1.290584720081001668e-01 -3.015600601764823092e-03 1.440667767361846624e-02 1.151733560727869615e-01
6.000000000000000000e+00 0.000000000000000000e+00 1.512602556309112535e-02 1.337015536089282419e-01 -1.519849492889890630e-01 -1.097832724490118914e-03 0.000000000000000000e+00 -1.520454741798664411e-01 -1.064531532215399860e-03 1.509516972226259204e-02 1.337458498824151132e-01
7.000000000000000000e+00 0.000000000000000000e+00 1.519228887600197926e-02 1.506827685734703770e-01 -1.737354082329718441e-01 1.564298493115488103e-03 0.000000000000000000e+00 -1.738137489062677454e-01 1.603159258871860631e-03 1.514319876813296703e-02 1.507321878259475501e-01
8.000000000000000000e+00 0.000000000000000000e+00 1.465457133857440107e-02 1.661473005900882816e-01 -1.942983042162587104e-01 4.892707577958150568e-03 0.000000000000000000e+00 -1.943912780622241432e-01 4.936125268261485483e-03 1.459041450004365179e-02 1.662008649300230623e-01
9.000000000000000000e+00 0.000000000000000000e+00 1.355090929424897402e-02 1.801608360593477121e-01 -2.137006952446594277e-01 8.839188041129396323e-03 0.000000000000000000e+00 -2.138055242142971601e-01 8.886286481622131250e-03 1.347442427198862480e-02 1.802176709245731367e-01
1.000000000000000000e+01 0.000000000000000000e+00 1.191733581313782382e-02 1.927864775303095579e-01 -2.319691635209710223e-01 1.335867463116485743e-02 0.000000000000000000e+00 -2.320834238251618387e-01 1.340868695503952615e-02 1.183089282696989791e-02 1.928458043400057276e-01
1.100000000000000000e+01 0.000000000000000000e+00 9.787937301874518464e-03 2.040847196902296212e-01 -2.491298351443659576e-01 1.840905869280483678e-02 0.000000000000000000e+00 -2.492514016801463395e-01 1.846134021915781312e-02 9.693627318434277010e-03 2.041459647898067886e-01
1.200000000000000000e+01 0.000000000000000000e+00 7.195145953402896574e-03 2.141140711795986584e-01 -2.652083116243029726e-01 2.395117772691621877e-02 0.000000000000000000e+00 -2.653353491332504088e-01 2.400511343120796323e-02 7.094725158211630939e-03 2.141765345872695958e-01
1.300000000000000000e+01 0.000000000000000000e+00 4.169569422539521307e-03 2.229304610933398323e-01 -2.802297668688620291e-01 2.994844771532557265e-02 0.000000000000000000e+00 -2.803606837338271096e-01 3.000351255968915914e-02 4.064569389848860306e-03 2.229935697594790101e-01
1.400000000000000000e+01 0.000000000000000000e+00 7.402375807472683436e-04 2.305877111764282617e-01 -2.942189068207424762e-01 3.636685425795452981e-02 0.000000000000000000e+00 -2.943523029488780418e-01 3.642258972512309179e-02 6.319947019492448042e-04 2.306509775543565677e-01
1.500000000000000000e+01 0.000000000000000000e+00 -3.065374058361569967e-03 2.371375437888960103e-01 -3.072000008139344485e-01 4.317474310412846433e-02 0.000000000000000000e+00 -3.073346674961734415e-01 4.323075466567258968e-02 -3.175691215234420581e-03 2.372005773632167580e-01
1.600000000000000000e+01 0.000000000000000000e+00 -7.221180894234967979e-03 2.426298078553633941e-01 -3.191968943162152850e-01 5.034273062164261459e-02 0.000000000000000000e+00 -3.193317745069563784e-01 5.039866275848949029e-02 -7.332572537955650387e-03 2.426922289048721870e-01
1.700000000000000000e+01 0.000000000000000000e+00 -1.170252516781439787e-02 2.471123818944530870e-01 -3.302330493531161482e-01 5.784348511330925785e-02 0.000000000000000000e+00 -3.303672539028265631e-01 5.789903185605392577e-02 -1.181412375733499436e-02 2.471738781817828245e-01
1.800000000000000000e+01 0.000000000000000000e+00 -1.742342148062210258e-02 2.506632210721964071e-01 -3.403261022979609529e-01 6.565678102445113296e-02 0.000000000000000000e+00 -3.404763876076064566e-01 6.570353568991460502e-02 -1.658496673946741745e-02 2.506944005543276788e-01
1.900000000000000000e+01 0.000000000000000000e+00 -4.490148748089373837e-02 2.602366162731588606e-01 -3.482203995930214235e-01 7.450900072635548155e-02 0.000000000000000000e+00 -3.469682620054369560e-01 7.395511605180470072e-02 -3.924153757480765975e-02 2.589350974522712234e-01
2.000000000000000000e+01 0.000000000000000000e+00 -6.822719531983405250e-02 2.718939655382798248e-01 -3.551759790492563518e-01 8.255462996119694585e-02 0.000000000000000000e+00 -3.534650541336709084e-01 8.181141185749792044e-02 -5.759873849743141205e-02 2.703058256585940122e-01
2.100000000000000000e+01 0.000000000000000000e+00 -8.854024758607537127e-02 2.829676388440202084e-01 -3.614395535384344882e-01 9.051317415860049564e-02 0.000000000000000000e+00 -3.599777641491431202e-01 8.986630115145964603e-02 -7.396158197001274914e-02 2.811864708312307171e-01
2.200000000000000000e+01 0.000000000000000000e+00 -1.068225873444891144e-01 2.925886382010468023e-01 -3.669798416593081924e-01 9.867425731660489641e-02 0.000000000000000000e+00 -3.658931445735212895e-01 9.818121471331943406e-02 -8.966506200011874206e-02 2.908011772561073238e-01
2.300000000000000000e+01 0.000000000000000000e+00 -1.233272796954023032e-01 3.006277445192493403e-01 -3.718019636932559657e-01 1.070865903628532151e-01 0.000000000000000000e+00 -3.710773305516305021e-01 1.067444090786381639e-01 -1.049641411111025269e-01 2.990598153856074415e-01
2.400000000000000000e+01 0.000000000000000000e+00 -1.383846255596672126e-01 3.071398432598997918e-01 -3.759165931519812265e-01 1.157440492597781867e-01 0.000000000000000000e+00 -3.755214495035054112e-01 1.155410894884504602e-01 -1.199002078707990526e-01 3.059890195440268523e-01
2.500000000000000000e+01 0.000000000000000000e+00 -1.522397880629224043e-01 3.122308411551009688e-01 -3.793313551893164326e-01 1.246287854237117937e-01 0.000000000000000000e+00 -3.792284324777835947e-01 1.245507825797991658e-01 -1.345113816917776761e-01 3.116663742830478867e-01
2.600000000000000000e+01 0.000000000000000000e+00 -1.650866711981471002e-01 3.160123203739925168e-01 -3.820566765837956069e-01 1.337204212464312425e-01 0.000000000000000000e+00 -3.822116760238616351e-01 1.337538200542704447e-01 -1.488118082701328226e-01 3.161718173361433570e-01
2.700000000000000000e+01 0.000000000000000000e+00 -1.770837570540118866e-01 3.185864052803514812e-01 -3.841046381444486180e-01 1.429995987236913624e-01 0.000000000000000000e+00 -3.844873891540634969e-01 1.431322993134455102e-01 -1.628093092313406265e-01 3.195761028436058804e-01
2.800000000000000000e+01 0.000000000000000000e+00 -1.883617094979258555e-01 3.200465422768833945e-01 -3.854890349895500612e-01 1.524487484260262649e-01 0.000000000000000000e+00 -3.860728314864654287e-01 1.526699110374371282e-01 -1.765070201779927184e-01 3.219423950718322547e-01
2.900000000000000000e+01 0.000000000000000000e+00 -1.990296312015471525e-01 3.204780651923908041e-01 -3.862247308011986235e-01 1.620516607156612665e-01 0.000000000000000000e+00 -3.869859719618400362e-01 1.623516396232230763e-01 -1.899063604340418265e-01 3.233278975906067609e-01
3.000000000000000000e+01 0.000000000000000000e+00 -2.091791406159450029e-01 3.199586836351276387e-01 -3.863274652989754365e-01 1.717934304326452777e-01 0.000000000000000000e+00 -3.872451185010909458e-01 1.721635936747373530e-01 -2.030075360305955423e-01 3.237845994590897170e-01
3.100000000000000000e+01 0.000000000000000000e+00 -2.188875028270495515e-01 3.185593771588852707e-01 -3.858136717352517175e-01 1.816602492562644500e-01 0.000000000000000000e+00 -3.868688500881538039e-01 1.820928248697531171e-01 -2.158099234969031721e-01 3.233603515504540615e-01
3.200000000000000000e+01 0.000000000000000000e+00 -2.282200858485800288e-01 3.163451414197712697e-01 -3.847003304569828197e-01 1.916392330043331094e-01 0.000000000000000000e+00 -3.858759614728879406e-01 1.921271800448111911e-01 -2.283123916773749373e-01 3.220996967580811443e-01
3.300000000000000000e+01 0.000000000000000000e+00 -2.372323156988200288e-01 3.133755824453793859e-01 -3.830048552292721342e-01 2.017182795646801086e-01 0.000000000000000000e+00 -3.842854143436528203e-01 2.022551784108774509e-01 -2.405135529649206905e-01 3.200445181597313948e-01
3.400000000000000000e+01 0.000000000000000000e+00 -2.459712569975279484e-01 3.097054505567602423e-01 -3.807450024177104209e-01 2.118859468286261871e-01 0.000000000000000000e+00 -3.821162985057084405e-01 2.124659062079875260e-01 -2.524119649599890769e-01 3.172345522287927100e-01
3.500000000000000000e+01 0.000000000000000000e+00 -2.544769055384816236e-01 3.053850989918671099e-01 -3.779387973609935059e-01 2.221313493066303657e-01 0.000000000000000000e+00 -3.793877971761823176e-01 2.227489270581861081e-01 -2.640062907141927373e-01 3.137077911423059584e-01
3.600000000000000000e+01 0.000000000000000000e+00 -2.627832550532015476e-01 3.004608938991394917e-01 -3.746044739528484047e-01 2.324440690609730631e-01 0.000000000000000000e+00 -3.761191569065662210e-01 2.330942047466102729e-01 -2.752954246986805686e-01 3.095008000048616315e-01
3.700000000000000000e+01 0.000000000000000000e+00 -2.709191846241019164e-01 2.949755884033745668e-01 -3.707604243319898574e-01 2.428140786152847563e-01 0.000000000000000000e+00 -3.723296613200133831e-01 2.434920364739794618e-01 -2.862785924172783769e-01 3.046489658204712958e-01
3.800000000000000000e+01 0.000000000000000000e+00 -2.789092016321464418e-01 2.889686693676890017e-01 -3.664251564595429334e-01 2.532316740604091398e-01 0.000000000000000000e+00 -3.680386079572288693e-01 2.539329950155015392e-01 -2.969554296833614715e-01 2.991866914283765055e-01
3.900000000000000000e+01 0.000000000000000000e+00 -2.867740669961423294e-01 2.824766824851582814e-01 -3.616172579298108092e-01 2.636874169609320084e-01 0.000000000000000000e+00 -3.632652876729883795e-01 2.644078785452566582e-01 -3.073260460544822159e-01 2.931475448523225280e-01
4.000000000000000000e+01 0.000000000000000000e+00 -2.945313235689777098e-01 2.755335392246960891e-01 -3.563553647967243054e-01 2.741720840042347618e-01 0.000000000000000000e+00 -3.580289661798598533e-01 2.749076671461684884e-01 -3.173910754140527590e-01 2.865643726447653084e-01
4.100000000000000000e+01 0.000000000000000000e+00 -3.021955725071044374e-01 2.681700040339592972e-01 -3.506581852035428049e-01 2.846767309107909871e-01 0.000000000000000000e+00 -3.523487953473502521e-01 2.854235301816644976e-01 -3.271511705991442809e-01 2.794685104222132122e-01
4.200000000000000000e+01 0.000000000000000000e+00 -3.097795487579089735e-01 2.604174742620867788e-01 -3.445442728482824291e-01 2.951921583109930469e-01 0.000000000000000000e+00 -3.462441717034311917e-01 2.959465863572899869e-01 -3.366090954514856515e-01 2.718936919140177433e-01
4.300000000000000000e+01 0.000000000000000000e+00 -3.172838263216385402e-01 2.523068571213820666e-01 -3.380352057382680631e-01 3.057137915976919085e-01 0.000000000000000000e+00 -3.397252411434669161e-01 3.064670255524595821e-01 -3.458304788394110929e-01 2.638889293925761881e-01
4.400000000000000000e+01 0.000000000000000000e+00 -3.246823376271028017e-01 2.438729136761357552e-01 -3.311529207302581490e-01 3.162315958240247138e-01 0.000000000000000000e+00 -3.328087099038019581e-01 3.169710530469707632e-01 -3.548044479354647840e-01 2.554989185692543852e-01
4.500000000000000000e+01 0.000000000000000000e+00 -3.319894923686891319e-01 2.351323439614322330e-01 -3.239100849021350204e-01 3.267328497752737815e-01 0.000000000000000000e+00 -3.255280160206748818e-01 3.274565882934351024e-01 -3.634984928764396495e-01 2.467357930769612517e-01
4.600000000000000000e+01 0.000000000000000000e+00 -3.392181768368751626e-01 2.261063059032245581e-01 -3.163244677998232612e-01 3.372095276832918209e-01 0.000000000000000000e+00 -3.179006412211730082e-01 3.379155626828901915e-01 -3.719184999953424331e-01 2.376244574027055190e-01
4.700000000000000000e+01 0.000000000000000000e+00 -3.463784115083742843e-01 2.168175396321715409e-01 -3.084144838205518657e-01 3.476532069930184932e-01 0.000000000000000000e+00 -3.099448276629434007e-01 3.483393840481261439e-01 -3.800667959705403831e-01 2.281916104682479851e-01
4.800000000000000000e+01 0.000000000000000000e+00 -3.534786336174630672e-01 2.072884184748088054e-01 -3.001984254942662855e-01 3.580552961195270778e-01 0.000000000000000000e+00 -3.016790411169849584e-01 3.587194950953664918e-01 -3.879460945360337920e-01 2.184640821804296196e-01
4.900000000000000000e+01 0.000000000000000000e+00 -3.605259413003382152e-01 1.975405726638017889e-01 -2.916944946301655572e-01 3.684071865185702399e-01 0.000000000000000000e+00 -2.931216757950029228e-01 3.690473374663595374e-01 -3.955597165466105958e-01 2.084683899953334862e-01
5.000000000000000000e+01 0.000000000000000000e+00 -3.675275437085285812e-01 1.875940013079651636e-01 -2.829215573678948159e-01 3.786991897541309160e-01 0.000000000000000000e+00 -2.843845342208439764e-01 3.793300598805038337e-01 -4.029142067663223914e-01 1.982299363577878504e-01
5.100000000000000000e+01 0.000000000000000000e+00 -3.742324325444570943e-01 1.777471420915498757e-01 -2.738770820209149859e-01 3.889804204935704002e-01 0.000000000000000000e+00 -2.776866286046101862e-01 3.905646068543946470e-01 -4.095656084378674899e-01 1.880290844396166339e-01
5.200000000000000000e+01 0.000000000000000000e+00 -3.806319752408538482e-01 1.678092654835988684e-01 -2.646254329366676261e-01 3.991245008505840408e-01 0.000000000000000000e+00 -2.704361738214841049e-01 4.015933693453244691e-01 -4.156907799291527650e-01 1.777092822368611380e-01
5.300000000000000000e+01 0.000000000000000000e+00 -3.868608018197146059e-01 1.576468834680457010e-01 -2.551683243240085996e-01 4.091803473497219734e-01 0.000000000000000000e+00 -2.627805155802154236e-01 4.124599261426508123e-01 -4.215549489056125143e-01 1.671587268005945703e-01
5.400000000000000000e+01 0.000000000000000000e+00 -3.929646154805711555e-01 1.472765988145520177e-01 -2.455197785451578296e-01 4.191483458370034998e-01 0.000000000000000000e+00 -2.547826156936438546e-01 4.231829830154870131e-01 -4.272046416841329686e-01 1.563968345365220614e-01
5.500000000000000000e+01 0.000000000000000000e+00 -3.989692326954892287e-01 1.367353697111663435e-01 -2.356954997700836663e-01 4.290200990334813724e-01 0.000000000000000000e+00 -2.464923669567740117e-01 4.337675476023738486e-01 -4.326501933473401729e-01 1.454612373532341296e-01
5.600000000000000000e+01 0.000000000000000000e+00 -4.048929790802396345e-01 1.260599727076441023e-01 -2.257116702431986588e-01 4.387859266925321355e-01 0.000000000000000000e+00 -2.379530210533459533e-01 4.442148302423025163e-01 -4.378962674175551073e-01 1.343897185083286205e-01
5.700000000000000000e+01 0.000000000000000000e+00 -4.107495861674860804e-01 1.152841844441128555e-01 -2.155846996714608776e-01 4.484361272740588489e-01 0.000000000000000000e+00 -2.292030680374796403e-01 4.545241660428036012e-01 -4.429471254097670507e-01 1.232176038567842496e-01
5.800000000000000000e+01 0.000000000000000000e+00 -4.166302634116521575e-01 1.044664337166788110e-01 -2.053285582267508624e-01 4.579637593012473307e-01 0.000000000000000000e+00 -2.203174870240289518e-01 4.647047071183632028e-01 -4.477931947649586020e-01 1.119886102557876573e-01
5.900000000000000000e+01 0.000000000000000000e+00 -4.224376185602771727e-01 9.361967534661853885e-02 -1.949626391374439660e-01 4.673547024461313648e-01 0.000000000000000000e+00 -2.112963321006666728e-01 4.747391132221187582e-01 -4.524563539067051887e-01 1.007383671076696602e-01
6.000000000000000000e+01 0.000000000000000000e+00 -4.281776403058418223e-01 8.277681442458791061e-02 -1.845017251630004240e-01 4.766027418401331261e-01 0.000000000000000000e+00 -2.021409104892268604e-01 4.846190963140193930e-01 -4.569952662210527428e-01 8.951185932610447593e-02
6.100000000000000000e+01 0.000000000000000000e+00 -4.338625914775280923e-01 7.194964472824393054e-02 -1.739654668606726573e-01 4.856948501117088202e-01 0.000000000000000000e+00 -1.928869391358269680e-01 4.943397915412379162e-01 -4.613516170127207050e-01 7.831049365060345491e-02
6.200000000000000000e+01 0.000000000000000000e+00 -4.395001926812120985e-01 6.115574299337608183e-02 -1.633698142095712236e-01 4.946244881021549245e-01 0.000000000000000000e+00 -1.835631173773561997e-01 5.038996584377628540e-01 -4.655424835187687016e-01 6.715378427095176905e-02
6.300000000000000000e+01 0.000000000000000000e+00 -4.450935453350473581e-01 5.041626470945242966e-02 -1.527319634110172741e-01 5.033836190344238570e-01 0.000000000000000000e+00 -1.741917854698840640e-01 5.132917555209135507e-01 -4.695756703772281382e-01 5.606564429056754700e-02
6.400000000000000000e+01 0.000000000000000000e+00 -4.506444360121613091e-01 3.975360725844213211e-02 -1.420682221189190908e-01 5.119630213290531362e-01 0.000000000000000000e+00 -1.647961887027791505e-01 5.225102581147405001e-01 -4.734579388838400793e-01 4.506982024150837929e-02
6.500000000000000000e+01 0.000000000000000000e+00 -4.561535125446147809e-01 2.918957613948148025e-02 -1.313955574952137828e-01 5.203540585477545166e-01 0.000000000000000000e+00 -1.553976923057946713e-01 5.315478410467256998e-01 -4.771956164468015849e-01 3.418960640226040987e-02
6.600000000000000000e+01 0.000000000000000000e+00 -4.616208019984697208e-01 1.874535186652819679e-02 -1.207308438239374088e-01 5.285480079478329651e-01 0.000000000000000000e+00 -1.460163440084933373e-01 5.403967200710870777e-01 -4.807952287199833696e-01 2.344757203718121630e-02
6.700000000000000000e+01 0.000000000000000000e+00 -4.670458825526933033e-01 8.441642613081378269e-03 -1.100909674029194318e-01 5.365362025313280547e-01 0.000000000000000000e+00 -1.366711913480729290e-01 5.490486654862732907e-01 -4.842634498483411876e-01 1.286564991487122549e-02
6.800000000000000000e+01 0.000000000000000000e+00 -4.724280163403968280e-01 -1.701239028578537113e-03 -9.949284027694389743e-02 5.443100307679494820e-01 0.000000000000000000e+00 -1.273803822965298704e-01 5.574950325540317664e-01 -4.876070524359384373e-01 2.465203431326094645e-03
6.900000000000000000e+01 0.000000000000000000e+00 -4.777662603191514812e-01 -1.166332356593761249e-02 -8.895340576325640181e-02 5.518609330528791990e-01 0.000000000000000000e+00 -1.181612441483830406e-01 5.657267854397470819e-01 -4.908328656663148992e-01 -7.732924415191007837e-03
7.000000000000000000e+01 0.000000000000000000e+00 -4.830595583832149598e-01 -2.142495185327390750e-02 -7.848964479104351966e-02 5.591803990717538753e-01 0.000000000000000000e+00 -1.090303435096885432e-01 5.737345144816240472e-01 -4.939477381703048509e-01 -1.770837340145451494e-02
7.100000000000000000e+01 0.000000000000000000e+00 -4.883068177741291538e-01 -3.096674710362507660e-02 -6.811858180374720517e-02 5.662599652196005362e-01 0.000000000000000000e+00 -1.000035379393922341e-01 5.815084524650985243e-01 -4.969585044922019690e-01 -2.744124716514911855e-02
7.200000000000000000e+01 0.000000000000000000e+00 -4.935069714995460877e-01 -4.026960996992182129e-02 -5.785729298710669266e-02 5.730912146179981681e-01 0.000000000000000000e+00 -9.109600782356039317e-02 5.890384802458585867e-01 -4.998719547438773003e-01 -3.691209181986888216e-02
7.300000000000000000e+01 0.000000000000000000e+00 -4.986590309330215520e-01 -4.931474386505137197e-02 -4.772293451772680051e-02 5.796657694081015499e-01 0.000000000000000000e+00 -8.232225743074217394e-02 5.963141423771810556e-01 -5.026948272889021352e-01 -4.610189500617635494e-02
7.400000000000000000e+01 0.000000000000000000e+00 -5.038304477583626095e-01 -5.807011860464071640e-02 -3.773309487924377675e-02 5.859762946198817657e-01 0.000000000000000000e+00 -7.368987232226156814e-02 6.033251710349032404e-01 -5.054478661352947988e-01 -5.498918786954866411e-02
7.500000000000000000e+01 0.000000000000000000e+00 -5.089478105391678220e-01 -6.649034578547347030e-02 -2.790397570647213527e-02 5.920148590502709585e-01 0.000000000000000000e+00 -6.519157886560475457e-02 6.100507727301746064e-01 -5.082006908196201600e-01 -6.353350398572643609e-02
7.600000000000000000e+01 0.000000000000000000e+00 -5.139694178842993955e-01 -7.456407261143595255e-02 -1.826063728737672628e-02 5.977683583658903732e-01 0.000000000000000000e+00 -5.684618620172947334e-02 6.164752316073524030e-01 -5.108814070114019446e-01 -7.175449400613592710e-02
7.700000000000000000e+01 0.000000000000000000e+00 -5.188951687942543467e-01 -8.227011616858107002e-02 -8.817986000535358096e-03 6.032325472256101495e-01 0.000000000000000000e+00 -4.866754913493306911e-02 6.225895475756874076e-01 -5.135218859033370276e-01 -7.965187388814111424e-02
7.800000000000000000e+01 0.000000000000000000e+00 -5.237276195039476390e-01 -8.958556640459644504e-02 4.081153178689448887e-04 6.083998695863759298e-01 0.000000000000000000e+00 -4.066819946218340476e-02 6.283818736811223049e-01 -5.161327555888587382e-01 -8.721502778721509919e-02
7.900000000000000000e+01 0.000000000000000000e+00 -5.284721994200483053e-01 -9.649031869434425424e-02 9.401161824147977186e-03 6.132622298327283783e-01 0.000000000000000000e+00 -3.286013443671320644e-02 6.338400779653260431e-01 -5.187185650873222809e-01 -9.443030099727160731e-02
8.000000000000000000e+01 0.000000000000000000e+00 -5.331358075293582965e-01 -1.029664416095349838e-01 1.814434600498500069e-02 6.178114052408646417e-01 0.000000000000000000e+00 -2.525485261158125910e-02 6.389522453834449722e-01 -5.212815309343631354e-01 -1.012830182259825962e-01
8.100000000000000000e+01 0.000000000000000000e+00 -5.377259921594661485e-01 -1.089974395730266832e-01 2.662069361005475754e-02 6.220391377230571894e-01 0.000000000000000000e+00 -1.786329322162813135e-02 6.437069301529569909e-01 -5.238229724268949061e-01 -1.077582858882257383e-01
8.200000000000000000e+01 0.000000000000000000e+00 -5.422506032564581302e-01 -1.145678177897195699e-01 3.481312635787685295e-02 6.259371608492189099e-01 0.000000000000000000e+00 -1.069577786300411441e-02 6.480933993814138594e-01 -5.263439759282202424e-01 -1.138414250372075665e-01
8.300000000000000000e+01 0.000000000000000000e+00 -5.467176977481744693e-01 -1.196628567431523016e-01 4.270448396837636662e-02 6.294972194300335611e-01 0.000000000000000000e+00 -3.761929447116607421e-03 6.521018363100752335e-01 -5.288457397888052247e-01 -1.195182687315455294e-01
8.400000000000000000e+01 0.000000000000000000e+00 -5.512193163278436003e-01 -1.243171258034193732e-01 4.419269352699690262e-02 6.357082929741466604e-01 0.000000000000000000e+00 2.837847651296121747e-03 6.557342012194492531e-01 -5.311323008474991836e-01 -1.249778340167355117e-01
8.500000000000000000e+01 0.000000000000000000e+00 -5.550005627452582191e-01 -1.288457751823969821e-01 4.090513001430737261e-02 6.434236590455313376e-01 0.000000000000000000e+00 9.289556229151004624e-03 6.588834796589297937e-01 -5.326974845432163042e-01 -1.303853957006131103e-01
8.600000000000000000e+01 0.000000000000000000e+00 -5.579903308879164969e-01 -1.332103735666298749e-01 3.790434357805281401e-02 6.504863423963435087e-01 0.000000000000000000e+00 1.553181409780271006e-02 6.616053960939151102e-01 -5.339455830733776942e-01 -1.356737345606743306e-01
8.700000000000000000e+01 0.000000000000000000e+00 -5.604381251034191713e-01 -1.373378500752937270e-01 3.519925377883793838e-02 6.569161388656500344e-01 0.000000000000000000e+00 2.139752915347012049e-02 6.639669724195664813e-01 -5.349609799312520231e-01 -1.406963764569861275e-01
8.800000000000000000e+01 0.000000000000000000e+00 -5.625040959975500243e-01 -1.411716254148409899e-01 3.269322493948315783e-02 6.627418531596600548e-01 0.000000000000000000e+00 2.678908942107713700e-02 6.660088539819566389e-01 -5.358479324502981589e-01 -1.452469865214158773e-01
8.900000000000000000e+01 0.000000000000000000e+00 -5.643311623101033847e-01 -1.446325625873397525e-01 3.029270002687442509e-02 6.679895400004097761e-01 0.000000000000000000e+00 3.164224332617987523e-02 6.677456998799962129e-01 -5.366657585471216185e-01 -1.492299056040865268e-01
9.000000000000000000e+01 0.000000000000000000e+00 -5.659479016680508678e-01 -1.476288331644431406e-01 2.791549595280545457e-02 6.726677132371275958e-01 0.000000000000000000e+00 3.592095112691604669e-02 6.691699759988453122e-01 -5.375545112347090981e-01 -1.525228614610908140e-01
9.100000000000000000e+01 0.000000000000000000e+00 -5.673556350416555372e-01 -1.500736097344065600e-01 2.548841958694360657e-02 6.767812155862156231e-01 0.000000000000000000e+00 3.959955244905373484e-02 6.702585926993718246e-01 -5.385330948177463606e-01 -1.551029135356605526e-01
9.200000000000000000e+01 0.000000000000000000e+00 -5.685852376620329496e-01 -1.519019837839037101e-01 2.295290622689875187e-02 6.803400677437192456e-01 0.000000000000000000e+00 4.266375632176625660e-02 6.709906396782102656e-01 -5.395947238815640423e-01 -1.569665365964144632e-01
9.300000000000000000e+01 0.000000000000000000e+00 -5.696656715205875576e-01 -1.530771521259295664e-01 2.028002648955511827e-02 6.833702621525853393e-01 0.000000000000000000e+00 4.506627790675309803e-02 6.713819858925295092e-01 -5.407329103043924112e-01 -1.581121446440074407e-01
9.400000000000000000e+01 0.000000000000000000e+00 -5.705923588906233190e-01 -1.535410620657766401e-01 1.747492566042055731e-02 6.859022535445189472e-01 0.000000000000000000e+00 4.684016349198814183e-02 6.714579241293945344e-01 -5.419576245655690627e-01 -1.585466508014352349e-01
9.500000000000000000e+01 0.000000000000000000e+00 -5.713514847779637140e-01 -1.532508012907258244e-01 1.449657719686104317e-02 6.879137450710912649e-01 0.000000000000000000e+00 4.804272981444606544e-02 6.712092426752439556e-01 -5.432717588279630805e-01 -1.582677361940693916e-01
9.600000000000000000e+01 0.000000000000000000e+00 -5.720470784858193714e-01 -1.524467025500261530e-01 1.179652027363897043e-02 6.897538776921994241e-01 0.000000000000000000e+00 4.891483199192680348e-02 6.711164592394144313e-01 -5.447931610184030271e-01 -1.573467538935372778e-01
9.700000000000000000e+01 0.000000000000000000e+00 -5.726172881623822208e-01 -1.510962733552644044e-01 9.272519069683906115e-03 6.910900911889501508e-01 0.000000000000000000e+00 4.913322892638791184e-02 6.709853341595464205e-01 -5.464460375178430418e-01 -1.557352821647717545e-01
9.800000000000000000e+01 0.000000000000000000e+00 -5.730035028296478483e-01 -1.490418020636733731e-01 6.780600008892680337e-03 6.917736943866591437e-01 0.000000000000000000e+00 4.853602901997140090e-02 6.706747833687605187e-01 -5.481622978546503155e-01 -1.534072897881046671e-01
1.000000000000000000e+02 0.000000000000000000e+00 -5.737410234462265723e-01 -1.428801533444765126e-01 1.700426814987288050e-03 6.911698935950313372e-01 0.000000000000000000e+00 4.488670008497262082e-02 6.693900311866283204e-01 -5.516145358679629407e-01 -1.467366941057046126e-01
